0,0 & 2,5477499999999998e-07 & -0,001 & 2,1977499999999999e-07
0,001 & 2,4227499999999999e-07 & -0,002 & 1,8977499999999999e-07
0,002 & 2,2527500000000001e-07 & -0,0030000000000000001 & 1,5977500000000001e-07
0,0030000000000000001 & 1,99775e-07 & -0,0040000000000000001 & 1,19775e-07
0,0040000000000000001 & 1,6227500000000002e-07 & -0,0050000000000000001 & 7,9774999999999998e-08
0,0050000000000000001 & 1,24775e-07 & -0,0060000000000000001 & 5,9774999999999991e-08
0,0060000000000000001 & 7,6024999999999994e-08 & -0,0070000000000000001 & 3,9775000000000004e-08
0,0070000000000000001 & 5,2274999999999997e-08 & -0,0080000000000000002 & 1,9775e-08
0,0080000000000000002 & 2,9774999999999997e-08 & -0,0090000000000000011 & 9,7749999999999998e-09
0,0090000000000000011 & 1,3774999999999999e-08 & -0,01 & 3,7749999999999999e-09
0,01 & 4,7749999999999997e-09 & -0,010999999999999999 & 2,6749999999999996e-09
0,010999999999999999 & 2,775e-09 & -0,012 & 2,775e-09
0,012 & 3,3749999999999996e-09 & -0,013000000000000001 & 3,7749999999999999e-09
0,013000000000000001 & 5,5749999999999986e-09 & -0,014 & 4,7749999999999997e-09
0,014 & 7,5749999999999983e-09 & -0,014999999999999999 & 5,0749999999999991e-09
0,014999999999999999 & 8,7749999999999992e-09 & -0,016 & 4,6749999999999988e-09
0,016 & 8,574999999999999e-09 & -0,017000000000000001 & 3,9749999999999992e-09
0,017000000000000001 & 7,1749999999999997e-09 & -0,018000000000000002 & 2,8749999999999997e-09
0,018000000000000002 & 5,3749999999999993e-09 & -0,019 & 1,9749999999999999e-09
0,019 & 3,5750000000000002e-09 & -0,02 & 1,275e-09
0,02 & 2,1749999999999996e-09 & -0,021000000000000001 & 7,7500000000000001e-10
0,021000000000000001 & 1,3750000000000001e-09 & -0,021999999999999999 & 5,7499999999999998e-10
0,021999999999999999 & 9,7499999999999984e-10 & -0,023 & 4,7499999999999991e-10
0,023 & 1,175e-09 & -0,024 & 3,7499999999999984e-10
0,024 & 1,3750000000000001e-09 & -0,025000000000000001 & 3,7499999999999984e-10
0,025000000000000001 & 1,475e-09 & 0,0 & -2,2500000000000002e-10
