0,0 & 2,1247749999999999e-06 & -0,001 & 2,4997749999999997e-06
0,001 & 1,7997749999999998e-06 & -0,002 & 1,5047749999999997e-06
0,002 & 1,1997749999999999e-06 & -0,0030000000000000001 & 5,0977500000000002e-07
0,0030000000000000001 & 5,0977500000000002e-07 & -0,0040000000000000001 & 1,49775e-07
0,0040000000000000001 & 1,49775e-07 & -0,0050000000000000001 & 1,5775000000000001e-08
0,0050000000000000001 & 1,5749999999999998e-09 & -0,0060000000000000001 & 4,3775e-08
0,0060000000000000001 & 3,3749999999999996e-09 & -0,0070000000000000001 & 8,0774999999999994e-08
0,0070000000000000001 & 5,8749999999999997e-09 & -0,0080000000000000002 & 6,1774999999999996e-08
0,0080000000000000002 & 3,9775000000000004e-08 & -0,0090000000000000011 & 2,1774999999999998e-08
0,0090000000000000011 & 1,1775e-08 & -0,01 & 6,7749999999999995e-09
0,01 & 5,7749999999999996e-09 & -0,010999999999999999 & 1,7774999999999999e-08
0,010999999999999999 & 1,5775000000000001e-08 & -0,012 & 2,7774999999999999e-08
0,012 & 1,9775e-08 & -0,013000000000000001 & 2,1774999999999998e-08
0,013000000000000001 & 1,1775e-08 & -0,014 & 9,7749999999999998e-09
0,014 & 4,7749999999999997e-09 & -0,014999999999999999 & 7,7750000000000001e-09
0,014999999999999999 & 5,5749999999999986e-09 & -0,016 & 8,574999999999999e-09
0,016 & 7,9750000000000003e-09 & -0,017000000000000001 & 9,7749999999999998e-09
0,017000000000000001 & 6,5749999999999993e-09 & -0,018000000000000002 & 7,274999999999999e-09
0,018000000000000002 & 4,2749999999999994e-09 & -0,019 & 3,7749999999999999e-09
0,019 & 2,5749999999999999e-09 & -0,02 & 2,775e-09
0,02 & 4,0749999999999993e-09 & -0,021000000000000001 & 3,5750000000000002e-09
0,021000000000000001 & 4,4749999999999995e-09 & -0,021999999999999999 & 3,5750000000000002e-09
0,021999999999999999 & 2,8749999999999997e-09 & -0,023 & 2,2750000000000001e-09
0,023 & 1,7750000000000002e-09 & -0,024 & 1,5749999999999998e-09
0,024 & 2,2149999999999999e-09 & -0,025000000000000001 & 1,7750000000000002e-09
0,025000000000000001 & 2,775e-09 & 0,0 & -2,2500000000000002e-10
