0,0 & 5,0977500000000002e-07 & -0,001 & 4,3977499999999995e-07
0,001 & 5,3977500000000005e-07 & -0,002 & 4,5977499999999997e-07
0,002 & 3,5977499999999998e-07 & -0,0030000000000000001 & 2,0977499999999998e-07
0,0030000000000000001 & 2,5977499999999998e-07 & -0,0040000000000000001 & 2,79775e-07
0,0040000000000000001 & 2,1977499999999999e-07 & -0,0050000000000000001 & 7,9774999999999998e-08
0,0050000000000000001 & 7,3774999999999984e-08 & -0,0060000000000000001 & 6,9775000000000001e-08
0,0060000000000000001 & 6,7774999999999996e-08 & -0,0070000000000000001 & 5,9774999999999991e-08
0,0070000000000000001 & 5,3774999999999997e-08 & -0,0080000000000000002 & 4,1775000000000002e-08
0,0080000000000000002 & 3,1775000000000005e-08 & -0,0090000000000000011 & 4,0775000000000006e-08
0,0090000000000000011 & 5,0774999999999996e-08 & -0,01 & 3,0775000000000003e-08
0,01 & 2,2774999999999997e-08 & -0,010999999999999999 & 2,7774999999999999e-08
0,010999999999999999 & 2,1025000000000001e-08 & -0,012 & 1,5574999999999999e-08
0,012 & 2,0275000000000001e-08 & -0,013000000000000001 & 1,0274999999999999e-08
0,013000000000000001 & 1,3524999999999999e-08 & -0,014 & 1,9274999999999999e-08
0,014 & 1,4774999999999998e-08 & -0,014999999999999999 & 1,1775e-08
0,014999999999999999 & 9,5249999999999993e-09 & -0,016 & 8,7749999999999992e-09
0,016 & 7,5749999999999983e-09 & -0,017000000000000001 & 9,1749999999999994e-09
0,017000000000000001 & 7,5749999999999983e-09 & -0,018000000000000002 & 7,1749999999999997e-09
0,018000000000000002 & 5,3749999999999993e-09 & -0,019 & 8,574999999999999e-09
0,019 & 6,3749999999999992e-09 & -0,02 & 6,9749999999999988e-09
0,02 & 8,574999999999999e-09 & -0,021000000000000001 & 4,1749999999999993e-09
0,021000000000000001 & 3,9749999999999992e-09 & -0,021999999999999999 & 4,9749999999999991e-09
0,021999999999999999 & 5,9749999999999989e-09 & -0,023 & 4,1749999999999993e-09
0,023 & 3,5750000000000002e-09 & -0,024 & 3,9749999999999992e-09
0,024 & 3,1749999999999999e-09 & -0,025000000000000001 & 4,1749999999999993e-09
0,025000000000000001 & 3,1249999999999999e-09 & 0,0 & -2,2500000000000002e-10
