0       1.375
0.5     0.95
1       1.1
1.5     1.15
2       0.75
2.5     1.075
3       0.6
3.5     0.65
4       0.6
4.5     0.325
5       0.42
5.5     0.2
6       0.17
6.5     0.12
7       0.048
7.5     0.044
8       0.014
8.5     0.0098
9       0.0078
9.5     0.01925
10      0.022
10.5    0.026
11      0.044
11.5    0.031
12      0.042
12.5    0.041
13      0.027
13.5    0.036
14      0.01925
14.5    0.0175
15      0.012
15.5    0.0033
16      0.0032
16.5    0.003
17      0.0034
17.5    0.0032
18      0.0042
18.5    0.004
19      0.004
19.5    0.0046
20      0.0034
20.5    0.004
21      0.0032
21.5    0.0027
22      0.0028
22.5    0.0019
23      0.002
23.5    0.0015
24      0.0014
24.5    0.0013
25      0.0011
-0.5    0.49
-1      0.47
-1.5    0.57
-2      0.35
-2.5    0.49
-3      0.32
-3.5    0.30
-4      0.30
-4.5    0.16
-5      0.19
-5.5    0.11
-6      0.08
-6.5    0.06
-7      0.02
-7.5    0.022
-8      0.012
-8.5    0.0058
-9      0.005
-9.5    0.0081
-10     0.01
-10.5   0.01
-11     0.018
-11.5   0.015
-12     0.016
-12.5   0.02
-13     0.01
-13.5   0.014
-14     0.01
-14.5   0.006
-15     0.0065
-15.5   0.003
-16     0.0032
-16.5   0.0022
-17     0.0025
-17.5   0.003
-18     0.0026
-18.5   0.0046
-19     0.0032
-19.5   0.0046
-20     0.0044
-20.5   0.0028
-21     0.004
-21.5   0.0021
-22     0.002
-22.5   0.0019
-23     0.0011
#-23.5
#-24
#-24.5
#-25
