0,0 & 1,3747749999999999e-06 & 24,5 & 1,0749999999999999e-09
0,5 & 9,4977499999999994e-07 & 25,0 & 8,7499999999999987e-10
1,0 & 1,099775e-06 & -0,5 & 4,89775e-07
1,5 & 1,1497749999999997e-06 & -1,0 & 4,6977499999999993e-07
2,0 & 7,4977500000000006e-07 & -1,5 & 5,6977499999999998e-07
2,5 & 1,0747749999999998e-06 & -2,0 & 3,4977499999999997e-07
3,0 & 5,9977500000000001e-07 & -2,5 & 4,89775e-07
3,5 & 6,4977500000000006e-07 & -3,0 & 3,1977499999999999e-07
4,0 & 5,9977500000000001e-07 & -3,5 & 2,9977499999999997e-07
4,5 & 3,2477499999999999e-07 & -4,0 & 2,9977499999999997e-07
5,0 & 4,1977499999999993e-07 & -4,5 & 1,5977500000000001e-07
5,5 & 1,99775e-07 & -5,0 & 1,8977499999999999e-07
6,0 & 1,6977500000000002e-07 & -5,5 & 1,0977499999999999e-07
6,5 & 1,19775e-07 & -6,0 & 7,9774999999999998e-08
7,0 & 4,7775000000000003e-08 & -6,5 & 5,9774999999999991e-08
7,5 & 4,3775e-08 & -7,0 & 1,9775e-08
8,0 & 1,3774999999999999e-08 & -7,5 & 2,1774999999999998e-08
8,5 & 9,5749999999999981e-09 & -8,0 & 1,1775e-08
9,0 & 7,5749999999999983e-09 & -8,5 & 5,5749999999999986e-09
9,5 & 1,9025e-08 & -9,0 & 4,7749999999999997e-09
10,0 & 2,1774999999999998e-08 & -9,5 & 7,8749999999999994e-09
10,5 & 2,5774999999999998e-08 & -10,0 & 9,7749999999999998e-09
11,0 & 4,3775e-08 & -10,5 & 9,7749999999999998e-09
11,5 & 3,0775000000000003e-08 & -11,0 & 1,7774999999999999e-08
12,0 & 4,1775000000000002e-08 & -11,5 & 1,4774999999999998e-08
12,5 & 4,0775000000000006e-08 & -12,0 & 1,5775000000000001e-08
13,0 & 2,6774999999999997e-08 & -12,5 & 1,9775e-08
13,5 & 3,5775000000000001e-08 & -13,0 & 9,7749999999999998e-09
14,0 & 1,9025e-08 & -13,5 & 1,3774999999999999e-08
14,5 & 1,7275000000000001e-08 & -14,0 & 9,7749999999999998e-09
15,0 & 1,1775e-08 & -14,5 & 5,7749999999999996e-09
15,5 & 3,0749999999999998e-09 & -15,0 & 6,2749999999999991e-09
16,0 & 2,9750000000000002e-09 & -15,5 & 2,775e-09
16,5 & 2,775e-09 & -16,0 & 2,9750000000000002e-09
17,0 & 3,1749999999999999e-09 & -16,5 & 1,9749999999999999e-09
17,5 & 2,9750000000000002e-09 & -17,0 & 2,2750000000000001e-09
18,0 & 3,9749999999999992e-09 & -17,5 & 2,775e-09
18,5 & 3,7749999999999999e-09 & -18,0 & 2,3749999999999998e-09
19,0 & 3,7749999999999999e-09 & -18,5 & 4,3749999999999995e-09
19,5 & 4,3749999999999995e-09 & -19,0 & 2,9750000000000002e-09
20,0 & 3,1749999999999999e-09 & -19,5 & 4,3749999999999995e-09
20,5 & 3,7749999999999999e-09 & -20,0 & 4,1749999999999993e-09
21,0 & 2,9750000000000002e-09 & -20,5 & 2,5749999999999999e-09
21,5 & 2,4750000000000002e-09 & -21,0 & 3,7749999999999999e-09
22,0 & 2,5749999999999999e-09 & -21,5 & 1,8749999999999998e-09
22,5 & 1,6750000000000001e-09 & -22,0 & 1,7750000000000002e-09
23,0 & 1,7750000000000002e-09 & -22,5 & 1,6750000000000001e-09
23,5 & 1,275e-09 & -23,0 & 8,7499999999999987e-10
24,0 & 1,175e-09 & 0,0 & -2,2500000000000002e-10
