0          0.2550
1          0.2425
2          0.2255
3          0.2000
4          0.1625
5          0.1250
6          0.07625
7          0.0525
8          0.03
9          0.014
10         0.005
11         0.003
12         0.0036
13         0.0058
14         0.0078
15         0.009
16         0.0088
17         0.0074
18         0.0056
19         0.0038
20         0.0024
21         0.0016
22         0.0012
23         0.0014
24         0.0016
25         0.0017
-1         0.22
-2         0.19
-3         0.16
-4         0.12
-5         0.08
-6         0.06
-7         0.04
-8         0.02
-9         0.01
-10        0.004
-11        0.0029
-12        0.003
-13        0.004
-14        0.005
-15        0.0053
-16        0.0049
-17        0.0042
-18        0.0031
-19        0.0022
-20        0.0015
-21        0.0010
-22        0.0008
-23        0.0007
-24        0.0006
-25        0.0006
