0        2.125
1        1.2
3        0.51
4        0.15
5        0.0018
6        0.0036
7        0.0061
8        0.04
9        0.012
10       0.006
11       0.016
12       0.02
13       0.012
14       0.005
15       0.0058
16       0.0082
17       0.0068
18       0.0045
19       0.0028
20       0.0043
21       0.0047
22       0.0031
23       0.0020
24       0.00244
25       0.003
-1       2.5
-2       1.505
-3       0.51
-4       0.15
-5       0.016
-6       0.044
-7       0.081
-8       0.062
-9       0.022
-10      0.007
-11      0.018
-12      0.028
-13      0.022
-14      0.01
-15      0.008
-16      0.0088
-17      0.01
-18      0.0075
-19      0.004
-20      0.003
-21      0.0038
-22      0.0038
-23      0.0025
-24      0.0018
-25      0.002
