0    1.5
1    0.54
2    0.36
3    0.26
4    0.22
5    0.074
6    0.068
7    0.054
8    0.032
9    0.051
10   0.023
11   0.02125
12   0.0205
13   0.01375
14   0.015
15   0.00975
16   0.0078
17   0.0078
18   0.0056
19   0.0066
20   0.0088
21   0.0042
22   0.0062
23   0.0038
24   0.0034
25   0.00335
-1   0.44
-2   0.46
-3   0.21
-4   0.28
-5   0.08
-6   0.07
-7   0.06
-8   0.042
-9   0.041
-10  0.031
-11  0.028
-12  0.0158
-13  0.0105
-14  0.0195
-15  0.012
-16  0.009
-17  0.0094
-18  0.0074
-19  0.0088
-20  0.0072
-21  0.0044
-22  0.0052
-23  0.0044
-24  0.0042
-25  0.0044
