30    0.03
31    0.04
32    0.05
33    0.075
34    0.14
34.5  0.23
34.7  0.31
34.8  0.36
34.9  0.455
35    0.58
35.05 0.655
35.06 0.68
35.07 0.705
35.1  0.77
35.12 0.79
35.14 0.85
35.15 0.865
35.16 0.9
35.18 0.93
35.2  0.99
35.22 1.04
35.24 1.07
35.26 1.11
35.28 1.13
35.30 1.14
35.31 1.14
35.32 1.13
35.34 1.11
35.36 1.08
35.38 1.04
35.40 1
35.42 0.95
35.44 0.89
35.46 0.84
35.48 0.79
35.52 0.72
35.57 0.62
35.6  0.56
35.65 0.5
35.7  0.455
35.8  0.37
35.9  0.31
36.5  0.155
37.5  0.085
38.5  0.06
40    0.04  
