#Datensatz #2	Datensatz #2	Datensatz #2	Datensatz #2	Datensatz #2	Datensatz #2	Datensatz #2	Datensatz #2
#Zeit (s)	Temperatur 1 (°C)	Temperatur 2 (°C)	Temperatur 3 (°C)	Temperatur 4 (°C)	Temperatur 5 (°C)	Temperatur 6 (°C)	Temperatur 7 (°C)	Temperatur 8 (°C)
0.00	26.88	27.89	27.98	26.59	28.27	29.09	28.58	25.91
0.50	26.88	27.88	27.99	26.59	28.28	29.10	28.59	25.90
1.00	26.89	27.90	28.00	26.60	28.29	29.13	28.59	25.91
1.50	26.89	27.91	28.03	26.60	28.29	29.18	28.60	25.91
2.00	26.90	27.94	28.07	26.61	28.30	29.25	28.60	25.92
2.50	26.90	27.99	28.12	26.61	28.31	29.35	28.62	25.92
3.00	26.91	28.04	28.20	26.62	28.32	29.47	28.62	25.91
3.50	26.92	28.10	28.28	26.62	28.34	29.61	28.63	25.92
4.00	26.92	28.18	28.38	26.63	28.35	29.75	28.64	25.92
4.50	26.93	28.26	28.48	26.64	28.38	29.91	28.66	25.93
5.00	26.93	28.36	28.59	26.64	28.41	30.09	28.68	25.92
5.50	26.94	28.46	28.71	26.65	28.43	30.26	28.70	25.92
6.00	26.95	28.56	28.85	26.66	28.47	30.43	28.73	25.93
6.50	26.96	28.68	28.98	26.66	28.51	30.61	28.76	25.92
7.00	26.97	28.79	29.12	26.68	28.55	30.80	28.80	25.93
7.50	26.98	28.91	29.26	26.69	28.60	30.99	28.84	25.93
8.00	26.99	29.03	29.41	26.70	28.66	31.16	28.89	25.93
8.50	27.01	29.16	29.55	26.72	28.72	31.35	28.93	25.93
9.00	27.02	29.29	29.69	26.73	28.77	31.53	28.98	25.94
9.50	27.03	29.42	29.84	26.75	28.83	31.72	29.04	25.93
10.00	27.07	29.55	29.99	26.78	28.90	31.89	29.10	25.93
10.50	27.07	29.68	30.15	26.80	28.98	32.06	29.16	25.94
11.00	27.10	29.81	30.29	26.82	29.04	32.25	29.23	25.95
11.50	27.12	29.95	30.44	26.85	29.12	32.42	29.30	25.95
12.00	27.16	30.08	30.59	26.88	29.20	32.59	29.37	25.94
12.50	27.18	30.22	30.74	26.90	29.27	32.76	29.44	25.95
13.00	27.21	30.35	30.89	26.93	29.36	32.92	29.52	25.95
13.50	27.24	30.48	31.04	26.96	29.45	33.09	29.60	25.95
14.00	27.27	30.61	31.18	27.00	29.53	33.26	29.67	25.95
14.50	27.31	30.75	31.33	27.03	29.61	33.41	29.76	25.96
15.00	27.34	30.87	31.48	27.07	29.70	33.57	29.85	25.95
15.50	27.38	31.00	31.63	27.11	29.79	33.73	29.94	25.96
16.00	27.42	31.13	31.77	27.15	29.88	33.88	30.03	25.96
16.50	27.46	31.26	31.91	27.19	29.97	34.04	30.12	25.97
17.00	27.49	31.39	32.05	27.23	30.06	34.18	30.21	25.96
17.50	27.54	31.52	32.19	27.28	30.15	34.33	30.30	25.97
18.00	27.58	31.64	32.33	27.32	30.25	34.48	30.40	25.97
18.50	27.62	31.77	32.47	27.37	30.34	34.62	30.49	25.98
19.00	27.67	31.89	32.61	27.41	30.43	34.76	30.59	25.98
19.50	27.71	32.01	32.74	27.46	30.53	34.90	30.68	25.98
20.00	27.76	32.13	32.87	27.51	30.62	35.04	30.78	25.98
20.50	27.80	32.25	33.01	27.56	30.72	35.17	30.88	25.98
21.00	27.86	32.37	33.14	27.61	30.81	35.31	30.98	25.98
21.50	27.91	32.48	33.27	27.66	30.92	35.44	31.08	25.99
22.00	27.95	32.59	33.39	27.71	31.01	35.58	31.17	25.99
22.50	28.01	32.71	33.51	27.76	31.11	35.70	31.27	26.00
23.00	28.06	32.83	33.64	27.82	31.20	35.83	31.37	26.00
23.50	28.11	32.95	33.77	27.87	31.30	35.96	31.47	26.00
24.00	28.16	33.05	33.90	27.93	31.40	36.08	31.58	26.00
24.50	28.21	33.16	34.01	27.98	31.50	36.21	31.68	26.01
25.00	28.27	33.27	34.13	28.04	31.59	36.33	31.78	26.01
25.50	28.32	33.38	34.25	28.09	31.69	36.46	31.88	26.02
26.00	28.38	33.49	34.37	28.14	31.79	36.57	31.98	26.02
26.50	28.43	33.59	34.48	28.20	31.89	36.68	32.08	26.02
27.00	28.49	33.69	34.59	28.26	31.99	36.81	32.18	26.02
27.50	28.54	33.80	34.71	28.31	32.08	36.92	32.29	26.02
28.00	28.60	33.91	34.82	28.38	32.19	37.04	32.38	26.03
28.50	28.66	34.01	34.93	28.43	32.28	37.15	32.49	26.04
29.00	28.71	34.10	35.04	28.49	32.38	37.26	32.58	26.04
29.50	28.77	34.20	35.14	28.55	32.47	37.37	32.68	26.04
30.00	28.82	34.30	35.25	28.60	32.58	37.49	32.78	26.04
30.50	28.88	34.40	35.35	28.67	32.67	37.60	32.87	26.05
31.00	28.95	34.50	35.46	28.73	32.77	37.70	32.98	26.05
31.50	28.99	34.59	35.56	28.79	32.86	37.81	33.07	26.05
32.00	29.06	34.68	35.66	28.85	32.97	37.92	33.17	26.06
32.50	29.12	34.78	35.76	28.91	33.06	38.02	33.27	26.07
33.00	29.18	34.87	35.86	28.97	33.16	38.12	33.36	26.07
33.50	29.23	34.96	35.95	29.02	33.26	38.23	33.46	26.08
34.00	29.30	35.05	36.05	29.09	33.35	38.33	33.56	26.08
34.50	29.35	35.14	36.16	29.15	33.45	38.43	33.65	26.08
35.00	29.42	35.23	36.24	29.21	33.54	38.53	33.76	26.10
35.50	29.47	35.32	36.34	29.27	33.64	38.63	33.85	26.10
36.00	29.54	35.41	36.43	29.34	33.73	38.73	33.94	26.10
36.50	29.59	35.49	36.52	29.39	33.82	38.83	34.04	26.11
37.00	29.65	35.58	36.61	29.45	33.93	38.92	34.13	26.12
37.50	29.72	35.66	36.70	29.51	34.02	39.02	34.22	26.12
38.00	29.77	35.75	36.78	29.58	34.11	39.12	34.31	26.13
38.50	29.83	35.83	36.87	29.63	34.21	39.21	34.39	26.13
39.00	29.90	35.91	36.96	29.69	34.30	39.30	34.49	26.14
39.50	29.96	35.99	37.05	29.75	34.39	39.40	34.58	26.14
40.00	30.01	36.07	37.13	29.81	34.49	39.49	34.67	26.16
40.50	30.08	36.15	37.21	29.88	34.58	39.58	34.76	26.16
41.00	30.13	36.23	37.29	29.94	34.67	39.67	34.85	26.16
41.50	30.20	36.31	37.37	30.00	34.77	39.75	34.93	26.17
42.00	30.26	36.38	37.45	30.06	34.86	39.83	35.03	26.18
42.50	30.32	36.45	37.50	30.11	34.95	39.87	35.11	26.19
43.00	30.37	36.49	37.54	30.18	35.04	39.90	35.20	26.20
43.50	30.43	36.54	37.57	30.24	35.13	39.90	35.28	26.20
44.00	30.49	36.56	37.58	30.30	35.22	39.88	35.36	26.21
44.50	30.55	36.57	37.58	30.36	35.29	39.85	35.44	26.22
45.00	30.61	36.58	37.56	30.42	35.38	39.80	35.52	26.23
45.50	30.68	36.57	37.53	30.48	35.45	39.75	35.60	26.24
46.00	30.74	36.56	37.50	30.54	35.53	39.68	35.66	26.24
46.50	30.79	36.53	37.45	30.60	35.59	39.62	35.73	26.25
47.00	30.85	36.50	37.41	30.65	35.65	39.54	35.79	26.26
47.50	30.90	36.47	37.36	30.70	35.71	39.46	35.85	26.27
48.00	30.96	36.43	37.30	30.76	35.77	39.38	35.90	26.28
48.50	31.02	36.39	37.23	30.81	35.81	39.29	35.95	26.29
49.00	31.07	36.34	37.17	30.86	35.86	39.21	36.00	26.30
49.50	31.12	36.29	37.09	30.91	35.90	39.12	36.03	26.31
50.00	31.17	36.23	37.03	30.96	35.93	39.04	36.07	26.32
50.50	31.21	36.18	36.95	31.00	35.96	38.95	36.10	26.33
51.00	31.26	36.12	36.87	31.04	35.99	38.87	36.13	26.34
51.50	31.31	36.07	36.80	31.08	36.02	38.79	36.15	26.35
52.00	31.34	36.00	36.72	31.12	36.05	38.71	36.17	26.36
52.50	31.38	35.94	36.64	31.16	36.07	38.63	36.19	26.37
53.00	31.42	35.88	36.56	31.20	36.09	38.55	36.20	26.38
53.50	31.46	35.81	36.49	31.23	36.10	38.47	36.21	26.39
54.00	31.50	35.75	36.41	31.26	36.12	38.40	36.23	26.40
54.50	31.54	35.69	36.33	31.29	36.13	38.32	36.23	26.41
55.00	31.56	35.63	36.26	31.32	36.14	38.25	36.24	26.42
55.50	31.59	35.57	36.18	31.35	36.15	38.18	36.24	26.43
56.00	31.62	35.51	36.11	31.37	36.16	38.11	36.24	26.45
56.50	31.64	35.45	36.03	31.40	36.16	38.04	36.23	26.46
57.00	31.67	35.39	35.96	31.42	36.18	37.97	36.23	26.47
57.50	31.70	35.33	35.89	31.44	36.17	37.91	36.22	26.49
58.00	31.72	35.28	35.81	31.46	36.17	37.85	36.21	26.50
58.50	31.74	35.21	35.74	31.48	36.18	37.78	36.20	26.51
59.00	31.76	35.16	35.67	31.50	36.18	37.72	36.19	26.52
59.50	31.79	35.10	35.60	31.52	36.17	37.66	36.17	26.53
60.00	31.80	35.04	35.53	31.53	36.17	37.61	36.16	26.55
60.50	31.82	34.99	35.47	31.54	36.17	37.55	36.14	26.56
61.00	31.83	34.94	35.40	31.56	36.16	37.50	36.12	26.57
61.50	31.85	34.89	35.34	31.57	36.16	37.44	36.10	26.58
62.00	31.86	34.84	35.27	31.58	36.15	37.38	36.08	26.59
62.50	31.88	34.79	35.21	31.59	36.14	37.34	36.06	26.61
63.00	31.89	34.74	35.15	31.60	36.14	37.28	36.04	26.62
63.50	31.90	34.69	35.08	31.61	36.13	37.23	36.02	26.63
64.00	31.92	34.64	35.02	31.61	36.12	37.18	36.00	26.64
64.50	31.92	34.58	34.96	31.62	36.11	37.14	35.97	26.66
65.00	31.93	34.54	34.91	31.62	36.10	37.09	35.94	26.67
65.50	31.95	34.50	34.85	31.63	36.09	37.05	35.92	26.68
66.00	31.95	34.45	34.80	31.63	36.08	37.01	35.89	26.70
66.50	31.96	34.41	34.74	31.64	36.07	36.96	35.86	26.71
67.00	31.97	34.36	34.68	31.64	36.06	36.91	35.83	26.73
67.50	31.97	34.33	34.63	31.65	36.04	36.87	35.81	26.73
68.00	31.98	34.28	34.57	31.65	36.03	36.82	35.78	26.75
68.50	31.99	34.24	34.53	31.65	36.02	36.79	35.75	26.76
69.00	31.99	34.20	34.48	31.66	36.00	36.75	35.72	26.78
69.50	32.00	34.16	34.43	31.66	35.99	36.70	35.69	26.79
70.00	32.00	34.12	34.38	31.66	35.98	36.67	35.67	26.80
70.50	32.01	34.08	34.33	31.66	35.96	36.63	35.63	26.82
71.00	32.01	34.05	34.29	31.66	35.95	36.59	35.60	26.83
71.50	32.01	34.01	34.24	31.66	35.94	36.56	35.58	26.85
72.00	32.02	33.98	34.20	31.65	35.92	36.52	35.54	26.86
72.50	32.02	33.94	34.15	31.65	35.90	36.49	35.51	26.88
73.00	32.02	33.91	34.11	31.65	35.89	36.45	35.47	26.89
73.50	32.03	33.87	34.07	31.65	35.87	36.42	35.45	26.89
74.00	32.03	33.84	34.03	31.65	35.85	36.38	35.42	26.92
74.50	32.03	33.80	33.99	31.65	35.84	36.35	35.38	26.93
75.00	32.03	33.78	33.95	31.65	35.82	36.32	35.35	26.94
75.50	32.03	33.75	33.91	31.64	35.80	36.29	35.32	26.95
76.00	32.04	33.72	33.87	31.64	35.79	36.25	35.29	26.97
76.50	32.04	33.68	33.83	31.64	35.77	36.22	35.26	26.98
77.00	32.04	33.66	33.80	31.63	35.75	36.19	35.23	26.99
77.50	32.04	33.63	33.76	31.63	35.74	36.17	35.21	27.01
78.00	32.03	33.60	33.73	31.63	35.72	36.13	35.17	27.02
78.50	32.04	33.57	33.70	31.63	35.71	36.11	35.14	27.04
79.00	32.04	33.55	33.66	31.62	35.69	36.08	35.12	27.05
79.50	32.04	33.52	33.63	31.62	35.67	36.05	35.08	27.06
80.00	32.03	33.49	33.59	31.61	35.66	36.02	35.06	27.08
80.50	32.04	33.47	33.56	31.61	35.64	35.99	35.03	27.09
81.00	32.04	33.45	33.53	31.60	35.62	35.96	35.00	27.10
81.50	32.03	33.43	33.51	31.60	35.60	35.95	34.96	27.12
82.00	32.03	33.41	33.49	31.59	35.58	35.96	34.94	27.12
82.50	32.03	33.41	33.49	31.59	35.57	35.98	34.90	27.14
83.00	32.04	33.42	33.50	31.58	35.55	36.03	34.88	27.15
83.50	32.03	33.43	33.52	31.57	35.53	36.10	34.85	27.17
84.00	32.03	33.46	33.57	31.57	35.52	36.20	34.82	27.18
84.50	32.03	33.50	33.62	31.57	35.51	36.30	34.80	27.19
85.00	32.03	33.56	33.68	31.56	35.51	36.41	34.77	27.20
85.50	32.03	33.62	33.76	31.55	35.51	36.54	34.76	27.21
86.00	32.03	33.69	33.85	31.55	35.51	36.68	34.74	27.23
86.50	32.03	33.76	33.94	31.55	35.52	36.81	34.74	27.24
87.00	32.03	33.85	34.04	31.55	35.53	36.96	34.73	27.25
87.50	32.03	33.93	34.13	31.55	35.54	37.11	34.74	27.27
88.00	32.04	34.02	34.24	31.55	35.57	37.25	34.74	27.28
88.50	32.04	34.12	34.35	31.55	35.59	37.40	34.75	27.28
89.00	32.05	34.22	34.47	31.55	35.61	37.55	34.77	27.30
89.50	32.05	34.32	34.58	31.56	35.65	37.70	34.78	27.31
90.00	32.06	34.43	34.71	31.57	35.68	37.84	34.80	27.32
90.50	32.07	34.53	34.83	31.58	35.72	37.99	34.83	27.33
91.00	32.09	34.64	34.95	31.59	35.76	38.12	34.86	27.35
91.50	32.10	34.75	35.07	31.60	35.80	38.27	34.88	27.35
92.00	32.11	34.86	35.19	31.61	35.85	38.42	34.92	27.37
92.50	32.13	34.97	35.31	31.63	35.90	38.56	34.96	27.38
93.00	32.15	35.08	35.43	31.65	35.95	38.69	35.00	27.39
93.50	32.17	35.19	35.55	31.67	36.00	38.83	35.04	27.40
94.00	32.19	35.29	35.67	31.68	36.06	38.97	35.08	27.41
94.50	32.21	35.41	35.80	31.70	36.12	39.09	35.13	27.43
95.00	32.23	35.52	35.91	31.73	36.18	39.23	35.18	27.44
95.50	32.26	35.63	36.04	31.75	36.24	39.35	35.23	27.45
96.00	32.29	35.74	36.15	31.77	36.29	39.48	35.29	27.46
96.50	32.32	35.84	36.28	31.80	36.36	39.61	35.35	27.47
97.00	32.35	35.96	36.39	31.84	36.42	39.73	35.40	27.48
97.50	32.38	36.06	36.51	31.86	36.49	39.85	35.46	27.49
98.00	32.41	36.17	36.63	31.89	36.55	39.97	35.52	27.50
98.50	32.44	36.27	36.74	31.92	36.61	40.09	35.58	27.51
99.00	32.48	36.38	36.85	31.96	36.68	40.21	35.64	27.52
99.50	32.52	36.48	36.97	31.99	36.74	40.32	35.71	27.53
100.00	32.55	36.58	37.08	32.03	36.81	40.43	35.77	27.54
100.50	32.58	36.68	37.19	32.05	36.88	40.54	35.84	27.55
101.00	32.62	36.78	37.30	32.10	36.95	40.66	35.90	27.55
101.50	32.66	36.88	37.40	32.13	37.03	40.76	35.97	27.57
102.00	32.71	36.99	37.51	32.17	37.09	40.87	36.04	27.58
102.50	32.74	37.08	37.62	32.22	37.16	40.98	36.11	27.59
103.00	32.78	37.18	37.73	32.25	37.23	41.07	36.18	27.60
103.50	32.82	37.27	37.83	32.29	37.30	41.18	36.25	27.61
104.00	32.87	37.37	37.93	32.34	37.36	41.28	36.33	27.62
104.50	32.91	37.46	38.03	32.38	37.44	41.38	36.40	27.63
105.00	32.95	37.56	38.13	32.42	37.52	41.48	36.47	27.64
105.50	33.00	37.65	38.24	32.46	37.59	41.57	36.54	27.65
106.00	33.04	37.74	38.33	32.50	37.66	41.67	36.62	27.66
106.50	33.09	37.83	38.43	32.55	37.73	41.77	36.69	27.66
107.00	33.13	37.92	38.52	32.59	37.80	41.86	36.76	27.68
107.50	33.18	38.01	38.61	32.64	37.88	41.95	36.83	27.69
108.00	33.23	38.10	38.71	32.68	37.95	42.05	36.90	27.70
108.50	33.27	38.18	38.80	32.73	38.02	42.14	36.97	27.70
109.00	33.32	38.27	38.89	32.77	38.09	42.22	37.05	27.72
109.50	33.37	38.35	38.98	32.82	38.17	42.32	37.12	27.72
110.00	33.41	38.44	39.08	32.87	38.24	42.40	37.19	27.74
110.50	33.46	38.52	39.16	32.91	38.31	42.49	37.27	27.74
111.00	33.51	38.60	39.25	32.96	38.39	42.58	37.34	27.75
111.50	33.55	38.69	39.34	33.01	38.46	42.66	37.41	27.76
112.00	33.61	38.76	39.42	33.05	38.54	42.75	37.49	27.77
112.50	33.65	38.85	39.51	33.10	38.61	42.82	37.56	27.78
113.00	33.70	38.92	39.59	33.15	38.68	42.91	37.64	27.79
113.50	33.75	39.00	39.67	33.20	38.75	42.99	37.71	27.80
114.00	33.80	39.08	39.75	33.25	38.83	43.07	37.78	27.81
114.50	33.85	39.16	39.83	33.30	38.89	43.15	37.86	27.82
115.00	33.90	39.23	39.92	33.35	38.97	43.23	37.93	27.83
115.50	33.95	39.30	39.99	33.39	39.04	43.31	38.00	27.85
116.00	34.00	39.38	40.07	33.44	39.11	43.39	38.07	27.85
116.50	34.05	39.45	40.15	33.49	39.18	43.46	38.14	27.86
117.00	34.10	39.52	40.22	33.54	39.26	43.54	38.22	27.88
117.50	34.15	39.60	40.30	33.59	39.33	43.61	38.29	27.88
118.00	34.20	39.67	40.37	33.64	39.40	43.69	38.36	27.89
118.50	34.25	39.74	40.44	33.69	39.47	43.76	38.43	27.90
119.00	34.30	39.81	40.52	33.74	39.54	43.84	38.50	27.91
119.50	34.35	39.88	40.59	33.79	39.61	43.91	38.57	27.93
120.00	34.40	39.94	40.66	33.84	39.68	43.99	38.64	27.93
120.50	34.45	40.01	40.73	33.89	39.76	44.06	38.71	27.95
121.00	34.50	40.08	40.80	33.94	39.83	44.13	38.78	27.96
121.50	34.55	40.14	40.87	33.99	39.90	44.19	38.85	27.97
122.00	34.60	40.21	40.93	34.04	39.97	44.25	38.91	27.98
122.50	34.65	40.25	40.97	34.09	40.04	44.27	38.98	27.99
123.00	34.70	40.29	41.00	34.14	40.11	44.28	39.05	28.00
123.50	34.75	40.32	41.01	34.18	40.17	44.26	39.12	28.01
124.00	34.80	40.33	41.01	34.23	40.23	44.23	39.18	28.02
124.50	34.85	40.33	41.00	34.28	40.30	44.18	39.24	28.03
125.00	34.90	40.32	40.97	34.33	40.36	44.12	39.30	28.05
125.50	34.95	40.31	40.93	34.38	40.41	44.05	39.36	28.05
126.00	35.00	40.28	40.88	34.42	40.46	43.97	39.41	28.07
126.50	35.05	40.25	40.83	34.47	40.51	43.89	39.45	28.07
127.00	35.09	40.21	40.77	34.52	40.55	43.79	39.50	28.08
127.50	35.14	40.17	40.70	34.56	40.59	43.70	39.54	28.10
128.00	35.19	40.11	40.63	34.60	40.62	43.61	39.57	28.11
128.50	35.23	40.06	40.56	34.64	40.65	43.51	39.61	28.12
129.00	35.27	40.00	40.48	34.69	40.68	43.42	39.63	28.14
129.50	35.31	39.94	40.40	34.72	40.70	43.32	39.66	28.15
130.00	35.36	39.88	40.32	34.76	40.72	43.22	39.67	28.16
130.50	35.39	39.81	40.24	34.79	40.74	43.13	39.69	28.17
131.00	35.43	39.74	40.16	34.83	40.74	43.03	39.71	28.18
131.50	35.47	39.67	40.07	34.85	40.75	42.93	39.71	28.20
132.00	35.50	39.61	39.99	34.88	40.75	42.84	39.72	28.21
132.50	35.53	39.54	39.90	34.91	40.76	42.75	39.72	28.22
133.00	35.56	39.47	39.81	34.93	40.76	42.66	39.72	28.23
133.50	35.58	39.40	39.72	34.96	40.76	42.57	39.72	28.24
134.00	35.61	39.34	39.64	34.98	40.76	42.47	39.71	28.26
134.50	35.63	39.26	39.55	35.00	40.75	42.39	39.71	28.26
135.00	35.65	39.19	39.47	35.01	40.75	42.31	39.69	28.28
135.50	35.68	39.12	39.38	35.03	40.74	42.22	39.68	28.29
136.00	35.69	39.05	39.30	35.05	40.73	42.14	39.67	28.31
136.50	35.71	38.98	39.22	35.06	40.72	42.06	39.65	28.32
137.00	35.73	38.92	39.13	35.07	40.71	41.98	39.63	28.34
137.50	35.75	38.85	39.05	35.08	40.70	41.90	39.61	28.35
138.00	35.76	38.78	38.97	35.10	40.68	41.83	39.59	28.36
138.50	35.76	38.72	38.89	35.10	40.66	41.76	39.57	28.37
139.00	35.79	38.66	38.81	35.11	40.64	41.69	39.54	28.39
139.50	35.79	38.59	38.74	35.12	40.63	41.62	39.51	28.40
140.00	35.81	38.53	38.66	35.12	40.61	41.54	39.48	28.41
140.50	35.81	38.47	38.58	35.13	40.59	41.47	39.45	28.43
141.00	35.82	38.41	38.50	35.13	40.57	41.41	39.43	28.44
141.50	35.83	38.35	38.43	35.13	40.55	41.34	39.39	28.45
142.00	35.84	38.29	38.36	35.13	40.53	41.27	39.36	28.47
142.50	35.84	38.23	38.28	35.13	40.50	41.21	39.32	28.48
143.00	35.85	38.18	38.22	35.13	40.48	41.15	39.29	28.49
143.50	35.85	38.12	38.15	35.13	40.46	41.09	39.26	28.51
144.00	35.85	38.07	38.08	35.13	40.43	41.03	39.22	28.52
144.50	35.85	38.01	38.01	35.12	40.42	40.97	39.18	28.53
145.00	35.85	37.96	37.94	35.13	40.39	40.91	39.14	28.55
145.50	35.85	37.90	37.88	35.12	40.36	40.85	39.11	28.56
146.00	35.86	37.85	37.82	35.12	40.34	40.79	39.07	28.57
146.50	35.86	37.80	37.76	35.11	40.31	40.74	39.03	28.59
147.00	35.86	37.75	37.70	35.11	40.29	40.69	39.00	28.60
147.50	35.86	37.70	37.64	35.10	40.26	40.63	38.96	28.61
148.00	35.85	37.65	37.57	35.09	40.24	40.58	38.92	28.63
148.50	35.85	37.60	37.52	35.09	40.20	40.52	38.88	28.64
149.00	35.85	37.56	37.46	35.08	40.18	40.47	38.84	28.65
149.50	35.84	37.51	37.41	35.07	40.15	40.42	38.80	28.67
150.00	35.84	37.46	37.35	35.06	40.12	40.38	38.76	28.69
150.50	35.84	37.42	37.30	35.06	40.10	40.33	38.72	28.70
151.00	35.83	37.37	37.25	35.05	40.07	40.28	38.68	28.72
151.50	35.83	37.34	37.19	35.05	40.04	40.23	38.64	28.73
152.00	35.83	37.29	37.14	35.03	40.01	40.19	38.60	28.74
152.50	35.82	37.26	37.09	35.02	39.98	40.14	38.56	28.75
153.00	35.82	37.21	37.05	35.01	39.95	40.10	38.52	28.77
153.50	35.81	37.17	36.99	35.00	39.93	40.05	38.48	28.78
154.00	35.81	37.13	36.95	34.99	39.90	40.01	38.44	28.79
154.50	35.80	37.10	36.90	34.98	39.87	39.97	38.40	28.80
155.00	35.79	37.06	36.86	34.97	39.84	39.92	38.36	28.82
155.50	35.79	37.03	36.81	34.96	39.81	39.88	38.32	28.83
156.00	35.78	36.98	36.76	34.95	39.78	39.84	38.28	28.84
156.50	35.78	36.96	36.72	34.94	39.75	39.80	38.24	28.85
157.00	35.77	36.92	36.67	34.93	39.72	39.76	38.20	28.87
157.50	35.76	36.88	36.64	34.91	39.69	39.71	38.16	28.88
158.00	35.75	36.85	36.59	34.90	39.66	39.67	38.12	28.89
158.50	35.75	36.82	36.56	34.89	39.63	39.64	38.08	28.91
159.00	35.74	36.78	36.52	34.88	39.60	39.60	38.05	28.92
159.50	35.73	36.75	36.48	34.87	39.57	39.56	38.01	28.93
160.00	35.72	36.72	36.45	34.86	39.54	39.52	37.97	28.95
160.50	35.72	36.69	36.41	34.84	39.51	39.49	37.94	28.96
161.00	35.71	36.65	36.37	34.83	39.49	39.45	37.90	28.97
161.50	35.70	36.63	36.33	34.82	39.46	39.43	37.86	28.99
162.00	35.69	36.60	36.31	34.81	39.43	39.41	37.82	29.00
162.50	35.68	36.59	36.29	34.79	39.40	39.42	37.79	29.01
163.00	35.68	36.59	36.30	34.78	39.36	39.46	37.75	29.03
163.50	35.67	36.60	36.33	34.76	39.34	39.51	37.72	29.03
164.00	35.66	36.62	36.35	34.75	39.32	39.59	37.68	29.05
164.50	35.65	36.66	36.40	34.74	39.29	39.67	37.65	29.05
165.00	35.64	36.70	36.46	34.73	39.28	39.78	37.62	29.07
165.50	35.63	36.75	36.52	34.72	39.26	39.89	37.60	29.08
166.00	35.63	36.81	36.61	34.71	39.26	40.02	37.58	29.09
166.50	35.62	36.88	36.69	34.69	39.25	40.14	37.56	29.10
167.00	35.61	36.96	36.78	34.69	39.25	40.27	37.55	29.12
167.50	35.61	37.04	36.87	34.68	39.25	40.40	37.54	29.13
168.00	35.60	37.13	36.97	34.66	39.26	40.54	37.53	29.14
168.50	35.60	37.21	37.06	34.65	39.27	40.68	37.52	29.15
169.00	35.60	37.31	37.16	34.65	39.28	40.82	37.52	29.16
169.50	35.60	37.40	37.27	34.65	39.30	40.95	37.53	29.17
170.00	35.60	37.50	37.38	34.65	39.32	41.09	37.54	29.18
170.50	35.60	37.60	37.48	34.64	39.34	41.23	37.54	29.19
171.00	35.61	37.70	37.60	34.64	39.37	41.36	37.56	29.19
171.50	35.62	37.80	37.71	34.64	39.41	41.50	37.57	29.20
172.00	35.62	37.91	37.82	34.65	39.45	41.63	37.60	29.22
172.50	35.64	38.01	37.94	34.66	39.48	41.76	37.62	29.22
173.00	35.65	38.12	38.06	34.67	39.52	41.89	37.65	29.23
173.50	35.66	38.22	38.18	34.68	39.56	42.01	37.69	29.24
174.00	35.68	38.33	38.30	34.70	39.61	42.14	37.73	29.26
174.50	35.69	38.43	38.42	34.72	39.65	42.26	37.77	29.26
175.00	35.71	38.53	38.53	34.73	39.70	42.38	37.81	29.28
175.50	35.72	38.64	38.66	34.75	39.74	42.51	37.86	29.28
176.00	35.74	38.75	38.77	34.77	39.80	42.62	37.91	29.30
176.50	35.76	38.85	38.89	34.79	39.85	42.74	37.95	29.31
177.00	35.79	38.95	39.00	34.81	39.90	42.85	38.01	29.31
177.50	35.81	39.05	39.11	34.84	39.96	42.96	38.06	29.33
178.00	35.84	39.15	39.23	34.86	40.01	43.07	38.11	29.34
178.50	35.86	39.25	39.33	34.89	40.06	43.18	38.18	29.35
179.00	35.89	39.35	39.44	34.91	40.12	43.29	38.23	29.36
179.50	35.92	39.45	39.55	34.94	40.18	43.40	38.29	29.37
180.00	35.95	39.55	39.65	34.97	40.23	43.50	38.34	29.38
180.50	35.98	39.64	39.76	34.99	40.29	43.60	38.40	29.39
181.00	36.01	39.73	39.87	35.03	40.35	43.70	38.46	29.39
181.50	36.04	39.83	39.97	35.06	40.41	43.80	38.53	29.40
182.00	36.08	39.93	40.08	35.08	40.47	43.90	38.59	29.41
182.50	36.11	40.02	40.18	35.12	40.53	43.99	38.65	29.43
183.00	36.14	40.11	40.27	35.15	40.59	44.10	38.72	29.43
183.50	36.18	40.20	40.38	35.19	40.65	44.19	38.78	29.43
184.00	36.22	40.29	40.47	35.23	40.71	44.28	38.85	29.45
184.50	36.25	40.38	40.57	35.26	40.77	44.37	38.90	29.46
185.00	36.29	40.47	40.67	35.29	40.83	44.46	38.97	29.47
185.50	36.32	40.56	40.76	35.33	40.89	44.55	39.03	29.47
186.00	36.36	40.64	40.85	35.37	40.96	44.64	39.11	29.48
186.50	36.40	40.72	40.95	35.41	41.02	44.73	39.17	29.49
187.00	36.44	40.81	41.04	35.44	41.08	44.82	39.24	29.50
187.50	36.48	40.89	41.13	35.49	41.14	44.90	39.30	29.51
188.00	36.52	40.98	41.21	35.52	41.21	44.98	39.37	29.52
188.50	36.56	41.05	41.30	35.57	41.27	45.06	39.44	29.53
189.00	36.60	41.14	41.38	35.60	41.33	45.15	39.50	29.53
189.50	36.65	41.22	41.47	35.64	41.40	45.23	39.57	29.55
190.00	36.68	41.30	41.55	35.68	41.46	45.31	39.63	29.54
190.50	36.73	41.37	41.64	35.72	41.52	45.39	39.69	29.56
191.00	36.76	41.45	41.72	35.77	41.59	45.47	39.77	29.57
191.50	36.81	41.53	41.80	35.80	41.65	45.55	39.83	29.58
192.00	36.85	41.60	41.88	35.84	41.71	45.62	39.90	29.58
192.50	36.89	41.68	41.96	35.89	41.78	45.70	39.97	29.59
193.00	36.94	41.75	42.04	35.93	41.84	45.77	40.04	29.60
193.50	36.98	41.82	42.12	35.97	41.90	45.85	40.10	29.61
194.00	37.02	41.89	42.19	36.02	41.97	45.92	40.17	29.62
194.50	37.06	41.97	42.27	36.06	42.03	45.99	40.24	29.62
195.00	37.11	42.03	42.35	36.10	42.10	46.06	40.31	29.64
195.50	37.15	42.10	42.42	36.14	42.17	46.13	40.37	29.65
196.00	37.19	42.17	42.50	36.19	42.23	46.20	40.44	29.65
196.50	37.24	42.24	42.57	36.23	42.29	46.27	40.51	29.66
197.00	37.28	42.31	42.64	36.27	42.35	46.34	40.57	29.67
197.50	37.33	42.38	42.71	36.32	42.41	46.41	40.63	29.68
198.00	37.37	42.44	42.78	36.36	42.48	46.48	40.70	29.69
198.50	37.41	42.51	42.85	36.41	42.54	46.55	40.76	29.69
199.00	37.46	42.57	42.91	36.45	42.60	46.62	40.83	29.71
199.50	37.51	42.64	42.97	36.49	42.66	46.68	40.89	29.71
200.00	37.55	42.70	43.04	36.53	42.73	46.75	40.95	29.72
200.50	37.60	42.76	43.12	36.58	42.79	46.81	41.02	29.74
201.00	37.63	42.82	43.18	36.62	42.85	46.88	41.08	29.75
201.50	37.68	42.88	43.24	36.66	42.91	46.94	41.14	29.75
202.00	37.73	42.94	43.30	36.70	42.98	47.01	41.20	29.76
202.50	37.77	43.01	43.36	36.75	43.04	47.06	41.26	29.78
203.00	37.82	43.06	43.41	36.79	43.10	47.11	41.33	29.78
203.50	37.86	43.11	43.46	36.84	43.16	47.13	41.39	29.79
204.00	37.91	43.14	43.48	36.88	43.22	47.13	41.45	29.79
204.50	37.95	43.16	43.49	36.92	43.28	47.12	41.50	29.80
205.00	38.00	43.17	43.48	36.97	43.34	47.08	41.56	29.82
205.50	38.04	43.17	43.46	37.01	43.39	47.03	41.62	29.82
206.00	38.09	43.16	43.43	37.06	43.44	46.96	41.67	29.84
206.50	38.13	43.14	43.39	37.09	43.49	46.88	41.72	29.85
207.00	38.17	43.11	43.34	37.14	43.53	46.80	41.77	29.86
207.50	38.22	43.07	43.28	37.18	43.57	46.71	41.81	29.86
208.00	38.26	43.03	43.22	37.22	43.60	46.62	41.84	29.88
208.50	38.30	42.98	43.15	37.26	43.63	46.52	41.88	29.89
209.00	38.34	42.92	43.07	37.29	43.66	46.42	41.91	29.90
209.50	38.38	42.86	43.00	37.33	43.68	46.32	41.94	29.91
210.00	38.41	42.80	42.91	37.36	43.70	46.21	41.96	29.92
210.50	38.45	42.74	42.83	37.39	43.72	46.11	41.98	29.93
211.00	38.48	42.67	42.74	37.42	43.73	46.01	41.99	29.94
211.50	38.52	42.60	42.66	37.45	43.73	45.91	42.00	29.95
212.00	38.54	42.53	42.57	37.48	43.74	45.81	42.01	29.96
212.50	38.57	42.45	42.48	37.51	43.74	45.70	42.01	29.97
213.00	38.60	42.38	42.39	37.53	43.74	45.60	42.02	29.98
213.50	38.62	42.31	42.29	37.55	43.74	45.51	42.01	29.99
214.00	38.65	42.23	42.20	37.57	43.73	45.41	42.01	30.01
214.50	38.67	42.16	42.11	37.59	43.72	45.31	42.00	30.02
215.00	38.69	42.08	42.02	37.60	43.71	45.22	41.99	30.03
215.50	38.71	42.01	41.93	37.62	43.70	45.13	41.98	30.04
216.00	38.73	41.94	41.85	37.63	43.69	45.04	41.96	30.05
216.50	38.74	41.86	41.76	37.64	43.67	44.95	41.95	30.07
217.00	38.76	41.79	41.67	37.66	43.66	44.86	41.93	30.07
217.50	38.77	41.71	41.58	37.67	43.64	44.78	41.91	30.09
218.00	38.78	41.64	41.50	37.67	43.62	44.69	41.88	30.10
218.50	38.79	41.57	41.41	37.68	43.60	44.61	41.86	30.12
219.00	38.80	41.50	41.32	37.68	43.58	44.53	41.83	30.12
219.50	38.81	41.43	41.24	37.69	43.56	44.44	41.81	30.14
220.00	38.81	41.36	41.16	37.69	43.54	44.37	41.78	30.15
220.50	38.82	41.29	41.07	37.69	43.51	44.29	41.75	30.16
221.00	38.83	41.22	40.99	37.69	43.49	44.22	41.72	30.17
221.50	38.83	41.16	40.92	37.69	43.46	44.14	41.68	30.18
222.00	38.83	41.09	40.84	37.69	43.44	44.07	41.65	30.20
222.50	38.83	41.03	40.76	37.69	43.41	44.00	41.61	30.22
223.00	38.83	40.96	40.69	37.68	43.38	43.93	41.58	30.22
223.50	38.83	40.90	40.61	37.68	43.36	43.86	41.54	30.24
224.00	38.83	40.84	40.54	37.67	43.32	43.79	41.50	30.25
224.50	38.83	40.78	40.46	37.66	43.30	43.72	41.46	30.26
225.00	38.83	40.72	40.40	37.66	43.27	43.65	41.42	30.27
225.50	38.83	40.66	40.32	37.66	43.24	43.59	41.39	30.29
226.00	38.82	40.60	40.26	37.65	43.21	43.53	41.35	30.30
226.50	38.82	40.54	40.19	37.64	43.18	43.47	41.31	30.31
227.00	38.81	40.49	40.12	37.63	43.15	43.41	41.26	30.31
227.50	38.81	40.44	40.05	37.62	43.11	43.34	41.22	30.33
228.00	38.80	40.38	39.99	37.61	43.08	43.29	41.18	30.35
228.50	38.80	40.33	39.93	37.60	43.05	43.23	41.14	30.36
229.00	38.79	40.27	39.87	37.59	43.02	43.17	41.10	30.37
229.50	38.78	40.22	39.80	37.58	42.99	43.11	41.06	30.38
230.00	38.78	40.17	39.74	37.57	42.95	43.06	41.01	30.40
230.50	38.77	40.12	39.68	37.55	42.91	43.00	40.97	30.41
231.00	38.76	40.07	39.62	37.54	42.88	42.95	40.92	30.42
231.50	38.75	40.03	39.57	37.52	42.85	42.89	40.88	30.44
232.00	38.74	39.98	39.51	37.51	42.81	42.84	40.84	30.44
232.50	38.73	39.93	39.45	37.50	42.78	42.79	40.80	30.46
233.00	38.72	39.88	39.40	37.49	42.75	42.73	40.75	30.47
233.50	38.71	39.84	39.35	37.47	42.71	42.69	40.71	30.49
234.00	38.70	39.80	39.29	37.45	42.68	42.64	40.67	30.49
234.50	38.70	39.75	39.24	37.45	42.65	42.59	40.62	30.50
235.00	38.68	39.71	39.19	37.43	42.61	42.54	40.58	30.52
235.50	38.67	39.66	39.14	37.41	42.57	42.49	40.54	30.53
236.00	38.66	39.62	39.09	37.40	42.54	42.44	40.49	30.54
236.50	38.65	39.58	39.04	37.38	42.51	42.40	40.45	30.55
237.00	38.63	39.55	39.00	37.37	42.48	42.35	40.41	30.57
237.50	38.63	39.50	38.95	37.35	42.43	42.31	40.37	30.58
238.00	38.61	39.46	38.90	37.34	42.40	42.26	40.32	30.59
238.50	38.60	39.43	38.86	37.32	42.36	42.22	40.28	30.61
239.00	38.59	39.39	38.82	37.30	42.33	42.17	40.24	30.61
239.50	38.58	39.35	38.77	37.29	42.30	42.13	40.20	30.63
240.00	38.57	39.32	38.73	37.27	42.26	42.09	40.16	30.63
240.50	38.56	39.28	38.69	37.26	42.23	42.04	40.11	30.65
241.00	38.54	39.25	38.65	37.24	42.20	42.00	40.07	30.66
241.50	38.53	39.21	38.61	37.23	42.16	41.97	40.03	30.68
242.00	38.52	39.18	38.58	37.21	42.12	41.95	39.99	30.68
242.50	38.51	39.17	38.57	37.19	42.09	41.96	39.95	30.70
243.00	38.49	39.16	38.56	37.18	42.05	41.99	39.91	30.71
243.50	38.48	39.17	38.58	37.16	42.02	42.04	39.87	30.71
244.00	38.46	39.19	38.61	37.14	41.99	42.11	39.84	30.73
244.50	38.45	39.21	38.65	37.13	41.97	42.20	39.80	30.74
245.00	38.44	39.25	38.71	37.11	41.94	42.29	39.77	30.75
245.50	38.43	39.30	38.77	37.10	41.92	42.40	39.74	30.76
246.00	38.42	39.36	38.85	37.08	41.91	42.52	39.72	30.77
246.50	38.40	39.43	38.93	37.06	41.90	42.63	39.70	30.78
247.00	38.39	39.49	39.01	37.05	41.90	42.76	39.68	30.79
247.50	38.39	39.57	39.10	37.04	41.89	42.89	39.67	30.80
248.00	38.38	39.65	39.20	37.03	41.90	43.02	39.66	30.81
248.50	38.37	39.74	39.30	37.02	41.90	43.16	39.66	30.82
249.00	38.36	39.83	39.40	37.01	41.91	43.29	39.66	30.83
249.50	38.36	39.92	39.51	37.01	41.93	43.42	39.66	30.85
250.00	38.36	40.01	39.62	37.00	41.95	43.55	39.67	30.85
250.50	38.35	40.11	39.73	37.00	41.96	43.68	39.68	30.86
251.00	38.36	40.20	39.83	36.99	41.99	43.81	39.70	30.87
251.50	38.36	40.30	39.95	37.00	42.02	43.93	39.72	30.88
252.00	38.36	40.40	40.06	37.00	42.04	44.07	39.74	30.89
252.50	38.37	40.50	40.18	37.00	42.08	44.19	39.76	30.90
253.00	38.37	40.60	40.28	37.01	42.11	44.31	39.79	30.91
253.50	38.38	40.70	40.39	37.01	42.15	44.43	39.81	30.92
254.00	38.39	40.80	40.50	37.03	42.19	44.56	39.85	30.92
254.50	38.40	40.90	40.62	37.04	42.23	44.67	39.88	30.93
255.00	38.42	41.00	40.73	37.05	42.27	44.79	39.92	30.95
255.50	38.43	41.10	40.84	37.06	42.31	44.90	39.96	30.95
256.00	38.45	41.20	40.95	37.07	42.36	45.01	40.01	30.96
256.50	38.47	41.30	41.06	37.09	42.40	45.12	40.05	30.97
257.00	38.49	41.39	41.17	37.11	42.45	45.23	40.10	30.98
257.50	38.51	41.49	41.28	37.13	42.50	45.34	40.15	30.99
258.00	38.53	41.59	41.38	37.15	42.54	45.45	40.20	31.00
258.50	38.55	41.68	41.49	37.17	42.60	45.55	40.25	31.01
259.00	38.57	41.78	41.60	37.19	42.64	45.65	40.30	31.02
259.50	38.60	41.87	41.70	37.22	42.69	45.76	40.35	31.03
260.00	38.62	41.97	41.81	37.24	42.75	45.85	40.41	31.03
260.50	38.65	42.06	41.91	37.26	42.80	45.95	40.46	31.04
261.00	38.68	42.15	42.01	37.29	42.85	46.04	40.52	31.05
261.50	38.70	42.24	42.11	37.32	42.91	46.14	40.57	31.06
262.00	38.73	42.33	42.21	37.35	42.96	46.23	40.63	31.07
262.50	38.76	42.42	42.30	37.37	43.02	46.33	40.69	31.07
263.00	38.79	42.51	42.40	37.40	43.07	46.42	40.75	31.08
263.50	38.82	42.60	42.50	37.43	43.13	46.51	40.81	31.09
264.00	38.85	42.68	42.59	37.47	43.19	46.60	40.87	31.10
264.50	38.89	42.76	42.68	37.51	43.24	46.68	40.93	31.10
265.00	38.92	42.85	42.77	37.53	43.30	46.77	41.00	31.11
265.50	38.95	42.93	42.87	37.57	43.36	46.86	41.06	31.12
266.00	38.99	43.02	42.95	37.60	43.41	46.94	41.12	31.12
266.50	39.02	43.10	43.04	37.63	43.47	47.03	41.18	31.13
267.00	39.06	43.18	43.12	37.66	43.53	47.10	41.24	31.13
267.50	39.10	43.26	43.21	37.70	43.59	47.18	41.30	31.14
268.00	39.13	43.34	43.29	37.73	43.64	47.26	41.37	31.15
268.50	39.17	43.42	43.38	37.77	43.70	47.34	41.43	31.16
269.00	39.20	43.49	43.46	37.81	43.76	47.43	41.50	31.17
269.50	39.24	43.56	43.55	37.85	43.82	47.50	41.56	31.17
270.00	39.27	43.64	43.63	37.88	43.88	47.57	41.62	31.18
270.50	39.31	43.72	43.71	37.92	43.94	47.65	41.69	31.19
271.00	39.35	43.79	43.79	37.95	44.00	47.72	41.75	31.20
271.50	39.39	43.86	43.86	37.99	44.05	47.80	41.82	31.20
272.00	39.44	43.93	43.94	38.03	44.11	47.87	41.88	31.21
272.50	39.46	44.00	44.02	38.07	44.18	47.95	41.94	31.22
273.00	39.50	44.07	44.10	38.11	44.23	48.02	42.01	31.23
273.50	39.54	44.14	44.17	38.15	44.29	48.09	42.07	31.24
274.00	39.59	44.22	44.24	38.19	44.35	48.16	42.14	31.25
274.50	39.62	44.28	44.32	38.23	44.41	48.22	42.20	31.25
275.00	39.66	44.35	44.39	38.26	44.47	48.29	42.26	31.26
275.50	39.70	44.41	44.46	38.31	44.53	48.36	42.33	31.27
276.00	39.74	44.48	44.54	38.34	44.59	48.42	42.39	31.27
276.50	39.78	44.55	44.61	38.38	44.65	48.50	42.45	31.28
277.00	39.82	44.61	44.67	38.42	44.70	48.56	42.52	31.29
277.50	39.86	44.68	44.74	38.47	44.76	48.62	42.58	31.30
278.00	39.91	44.74	44.80	38.50	44.82	48.69	42.64	31.30
278.50	39.94	44.80	44.87	38.55	44.88	48.75	42.70	31.31
279.00	39.98	44.86	44.94	38.59	44.94	48.82	42.76	31.32
279.50	40.02	44.92	45.00	38.62	45.00	48.88	42.82	31.33
280.00	40.07	44.97	45.07	38.67	45.06	48.94	42.88	31.34
280.50	40.11	45.04	45.13	38.71	45.11	49.00	42.95	31.35
281.00	40.15	45.10	45.19	38.75	45.17	49.06	43.01	31.35
281.50	40.19	45.16	45.25	38.79	45.23	49.12	43.07	31.36
282.00	40.23	45.21	45.30	38.82	45.28	49.15	43.12	31.37
282.50	40.27	45.25	45.33	38.86	45.34	49.17	43.18	31.38
283.00	40.31	45.28	45.34	38.90	45.40	49.17	43.23	31.38
283.50	40.35	45.30	45.34	38.93	45.45	49.14	43.28	31.39
284.00	40.40	45.30	45.32	38.98	45.51	49.10	43.33	31.40
284.50	40.44	45.30	45.30	39.02	45.56	49.04	43.38	31.41
285.00	40.47	45.28	45.27	39.06	45.61	48.97	43.43	31.42
285.50	40.51	45.25	45.23	39.10	45.65	48.89	43.48	31.43
286.00	40.56	45.22	45.18	39.14	45.69	48.81	43.52	31.44
286.50	40.59	45.18	45.13	39.18	45.73	48.71	43.57	31.44
287.00	40.63	45.14	45.06	39.22	45.76	48.61	43.60	31.46
287.50	40.67	45.08	44.99	39.25	45.79	48.51	43.63	31.46
288.00	40.70	45.02	44.91	39.29	45.81	48.41	43.67	31.48
288.50	40.74	44.97	44.83	39.32	45.83	48.31	43.69	31.49
289.00	40.77	44.90	44.75	39.35	45.84	48.21	43.71	31.49
289.50	40.80	44.83	44.66	39.38	45.85	48.10	43.73	31.50
290.00	40.84	44.76	44.58	39.41	45.85	48.00	43.73	31.51
290.50	40.86	44.69	44.49	39.43	45.86	47.89	43.75	31.52
291.00	40.89	44.62	44.40	39.46	45.86	47.79	43.75	31.53
291.50	40.91	44.54	44.31	39.48	45.86	47.68	43.76	31.54
292.00	40.94	44.47	44.22	39.50	45.86	47.59	43.76	31.55
292.50	40.96	44.39	44.13	39.52	45.84	47.48	43.76	31.56
293.00	40.98	44.31	44.03	39.54	45.84	47.39	43.75	31.57
293.50	41.00	44.24	43.95	39.55	45.83	47.29	43.74	31.58
294.00	41.01	44.16	43.85	39.56	45.81	47.20	43.73	31.60
294.50	41.03	44.08	43.76	39.58	45.80	47.10	43.71	31.61
295.00	41.04	44.01	43.67	39.59	45.79	47.01	43.69	31.62
295.50	41.05	43.93	43.58	39.60	45.77	46.92	43.68	31.63
296.00	41.07	43.86	43.49	39.60	45.74	46.83	43.66	31.63
296.50	41.08	43.78	43.41	39.61	45.73	46.74	43.63	31.65
297.00	41.08	43.71	43.32	39.61	45.70	46.65	43.61	31.66
297.50	41.09	43.63	43.23	39.62	45.68	46.57	43.58	31.67
298.00	41.10	43.57	43.15	39.62	45.66	46.49	43.56	31.68
298.50	41.10	43.49	43.06	39.62	45.63	46.41	43.53	31.69
299.00	41.10	43.42	42.98	39.62	45.60	46.33	43.49	31.70
299.50	41.11	43.35	42.89	39.62	45.58	46.25	43.46	31.71
300.00	41.10	43.28	42.81	39.62	45.55	46.17	43.43	31.72
300.50	41.11	43.22	42.73	39.62	45.52	46.09	43.40	31.74
301.00	41.10	43.15	42.66	39.61	45.49	46.02	43.36	31.74
301.50	41.11	43.08	42.58	39.60	45.46	45.95	43.32	31.76
302.00	41.10	43.01	42.50	39.60	45.43	45.87	43.29	31.77
302.50	41.10	42.95	42.42	39.59	45.40	45.80	43.25	31.78
303.00	41.09	42.89	42.35	39.58	45.37	45.74	43.21	31.80
303.50	41.09	42.83	42.27	39.57	45.34	45.66	43.17	31.80
304.00	41.09	42.76	42.20	39.57	45.31	45.60	43.13	31.82
304.50	41.08	42.70	42.13	39.56	45.27	45.53	43.09	31.83
305.00	41.07	42.64	42.06	39.54	45.24	45.47	43.05	31.84
305.50	41.06	42.59	41.99	39.54	45.20	45.40	43.01	31.85
306.00	41.06	42.53	41.92	39.52	45.17	45.34	42.97	31.86
306.50	41.05	42.47	41.86	39.51	45.13	45.27	42.92	31.87
307.00	41.04	42.41	41.79	39.50	45.10	45.21	42.88	31.89
307.50	41.03	42.36	41.73	39.49	45.07	45.16	42.84	31.90
308.00	41.02	42.30	41.66	39.47	45.03	45.09	42.79	31.91
308.50	41.01	42.25	41.61	39.46	45.00	45.04	42.75	31.92
309.00	41.00	42.20	41.53	39.45	44.96	44.98	42.71	31.93
309.50	40.99	42.14	41.48	39.44	44.93	44.92	42.66	31.94
310.00	40.98	42.09	41.42	39.42	44.89	44.87	42.62	31.95
310.50	40.96	42.04	41.36	39.40	44.85	44.81	42.58	31.97
311.00	40.95	41.99	41.30	39.39	44.82	44.76	42.53	31.98
311.50	40.95	41.94	41.24	39.37	44.78	44.70	42.49	31.99
312.00	40.93	41.90	41.19	39.36	44.74	44.65	42.44	32.00
312.50	40.91	41.85	41.14	39.34	44.71	44.60	42.40	32.01
313.00	40.90	41.81	41.08	39.32	44.67	44.54	42.35	32.02
313.50	40.89	41.76	41.03	39.30	44.64	44.49	42.31	32.03
314.00	40.88	41.71	40.98	39.29	44.59	44.44	42.26	32.04
314.50	40.86	41.67	40.93	39.27	44.56	44.39	42.22	32.06
315.00	40.85	41.63	40.88	39.25	44.52	44.35	42.18	32.07
315.50	40.83	41.58	40.83	39.24	44.49	44.30	42.13	32.08
316.00	40.82	41.54	40.78	39.22	44.44	44.25	42.09	32.09
316.50	40.80	41.50	40.73	39.20	44.41	44.20	42.05	32.10
317.00	40.79	41.46	40.69	39.19	44.37	44.16	42.01	32.11
317.50	40.78	41.42	40.64	39.17	44.34	44.11	41.96	32.12
318.00	40.76	41.38	40.60	39.15	44.30	44.06	41.92	32.13
318.50	40.74	41.34	40.55	39.13	44.26	44.02	41.88	32.14
319.00	40.73	41.30	40.51	39.11	44.23	43.97	41.83	32.16
319.50	40.72	41.27	40.46	39.10	44.19	43.93	41.79	32.17
320.00	40.70	41.22	40.42	39.07	44.15	43.89	41.75	32.18
320.50	40.68	41.19	40.38	39.06	44.11	43.84	41.71	32.19
321.00	40.67	41.15	40.34	39.04	44.08	43.80	41.67	32.20
321.50	40.65	41.12	40.30	39.02	44.04	43.76	41.62	32.21
322.00	40.64	41.09	40.27	39.00	44.01	43.73	41.58	32.22
322.50	40.62	41.07	40.25	38.99	43.97	43.73	41.54	32.23
323.00	40.61	41.06	40.24	38.97	43.93	43.75	41.51	32.24
323.50	40.59	41.05	40.25	38.95	43.89	43.80	41.46	32.25
324.00	40.57	41.07	40.28	38.92	43.86	43.85	41.43	32.26
324.50	40.56	41.09	40.31	38.90	43.84	43.93	41.39	32.26
325.00	40.54	41.12	40.36	38.89	43.81	44.02	41.35	32.27
325.50	40.53	41.17	40.42	38.87	43.78	44.13	41.33	32.28
326.00	40.51	41.22	40.49	38.85	43.76	44.24	41.30	32.30
326.50	40.50	41.28	40.57	38.84	43.75	44.36	41.28	32.30
327.00	40.48	41.35	40.65	38.82	43.74	44.48	41.26	32.31
327.50	40.47	41.42	40.74	38.81	43.73	44.61	41.25	32.32
328.00	40.45	41.50	40.84	38.80	43.73	44.74	41.24	32.33
328.50	40.45	41.59	40.94	38.78	43.73	44.86	41.23	32.34
329.00	40.44	41.67	41.04	38.77	43.74	45.00	41.23	32.35
329.50	40.43	41.76	41.14	38.76	43.75	45.13	41.23	32.36
330.00	40.43	41.85	41.25	38.76	43.77	45.25	41.23	32.37
330.50	40.42	41.94	41.36	38.75	43.79	45.39	41.25	32.37
331.00	40.42	42.04	41.46	38.75	43.81	45.52	41.25	32.38
331.50	40.42	42.14	41.58	38.75	43.83	45.65	41.27	32.39
332.00	40.42	42.24	41.69	38.74	43.86	45.77	41.30	32.40
332.50	40.42	42.33	41.80	38.75	43.89	45.90	41.32	32.41
333.00	40.43	42.43	41.92	38.75	43.92	46.02	41.35	32.42
333.50	40.43	42.53	42.02	38.76	43.95	46.14	41.37	32.43
334.00	40.44	42.63	42.14	38.76	43.99	46.26	41.41	32.43
334.50	40.44	42.73	42.25	38.77	44.03	46.38	41.44	32.44
335.00	40.46	42.83	42.36	38.78	44.06	46.50	41.48	32.45
335.50	40.47	42.93	42.47	38.79	44.11	46.61	41.52	32.45
336.00	40.48	43.02	42.58	38.80	44.15	46.72	41.56	32.46
336.50	40.49	43.13	42.69	38.82	44.19	46.83	41.60	32.47
337.00	40.51	43.22	42.80	38.83	44.24	46.94	41.64	32.48
337.50	40.52	43.32	42.91	38.85	44.28	47.04	41.69	32.49
338.00	40.54	43.42	43.02	38.87	44.33	47.15	41.74	32.49
338.50	40.56	43.51	43.12	38.89	44.37	47.26	41.79	32.50
339.00	40.58	43.60	43.22	38.90	44.42	47.36	41.84	32.51
339.50	40.60	43.70	43.32	38.93	44.47	47.46	41.89	32.52
340.00	40.63	43.79	43.43	38.95	44.53	47.56	41.94	32.52
340.50	40.65	43.88	43.53	38.97	44.57	47.65	41.99	32.53
341.00	40.67	43.97	43.63	39.00	44.62	47.74	42.05	32.53
341.50	40.70	44.06	43.73	39.02	44.68	47.84	42.10	32.55
342.00	40.73	44.15	43.83	39.05	44.73	47.94	42.16	32.55
342.50	40.76	44.24	43.92	39.08	44.79	48.03	42.22	32.55
343.00	40.78	44.32	44.00	39.10	44.84	48.12	42.27	32.57
343.50	40.81	44.41	44.08	39.11	44.89	48.20	42.31	32.56
344.00	40.84	44.49	44.16	39.14	44.94	48.30	42.36	32.56
344.50	40.87	44.58	44.26	39.17	45.00	48.38	42.42	32.57
345.00	40.90	44.66	44.34	39.20	45.05	48.46	42.48	32.57
345.50	40.93	44.74	44.43	39.23	45.11	48.54	42.54	32.57
346.00	40.96	44.83	44.52	39.26	45.16	48.63	42.60	32.58
346.50	40.99	44.91	44.61	39.29	45.22	48.71	42.65	32.58
347.00	41.02	44.99	44.71	39.33	45.28	48.79	42.72	32.60
347.50	41.06	45.06	44.80	39.36	45.33	48.87	42.79	32.60
348.00	41.09	45.14	44.89	39.40	45.39	48.95	42.85	32.61
348.50	41.12	45.22	44.98	39.44	45.44	49.03	42.92	32.62
349.00	41.16	45.29	45.06	39.48	45.51	49.11	42.99	32.62
349.50	41.19	45.37	45.15	39.51	45.56	49.18	43.06	32.63
350.00	41.23	45.44	45.23	39.54	45.62	49.26	43.12	32.64
350.50	41.26	45.51	45.31	39.58	45.67	49.33	43.19	32.65
351.00	41.30	45.59	45.39	39.63	45.73	49.40	43.25	32.66
351.50	41.33	45.66	45.47	39.66	45.79	49.48	43.32	32.67
352.00	41.37	45.73	45.55	39.69	45.85	49.55	43.38	32.67
352.50	41.41	45.80	45.62	39.73	45.90	49.62	43.45	32.68
353.00	41.44	45.86	45.70	39.77	45.96	49.69	43.51	32.68
353.50	41.48	45.93	45.78	39.80	46.02	49.76	43.58	32.69
354.00	41.51	46.00	45.85	39.84	46.07	49.82	43.64	32.69
354.50	41.55	46.07	45.92	39.88	46.13	49.89	43.70	32.70
355.00	41.59	46.13	46.00	39.92	46.19	49.96	43.77	32.71
355.50	41.63	46.20	46.06	39.95	46.25	50.03	43.83	32.72
356.00	41.66	46.26	46.14	39.99	46.30	50.09	43.90	32.72
356.50	41.70	46.33	46.20	40.03	46.36	50.15	43.95	32.73
357.00	41.74	46.39	46.27	40.07	46.42	50.22	44.02	32.74
357.50	41.78	46.45	46.34	40.11	46.48	50.28	44.08	32.75
358.00	41.81	46.51	46.41	40.14	46.53	50.35	44.14	32.75
358.50	41.86	46.57	46.47	40.18	46.59	50.42	44.20	32.76
359.00	41.89	46.63	46.54	40.22	46.64	50.47	44.27	32.77
359.50	41.93	46.69	46.60	40.26	46.70	50.53	44.32	32.77
360.00	41.97	46.75	46.66	40.30	46.76	50.59	44.39	32.78
360.50	42.01	46.81	46.72	40.34	46.82	50.66	44.45	32.79
361.00	42.04	46.87	46.79	40.38	46.87	50.71	44.51	32.80
361.50	42.08	46.92	46.85	40.41	46.93	50.77	44.57	32.80
362.00	42.12	46.97	46.89	40.46	46.98	50.81	44.62	32.81
362.50	42.16	47.01	46.93	40.49	47.04	50.83	44.68	32.82
363.00	42.20	47.04	46.95	40.53	47.10	50.83	44.74	32.83
363.50	42.24	47.06	46.96	40.57	47.15	50.80	44.79	32.83
364.00	42.28	47.07	46.95	40.61	47.20	50.76	44.85	32.84
364.50	42.32	47.06	46.93	40.65	47.25	50.71	44.90	32.85
365.00	42.35	47.05	46.89	40.69	47.30	50.64	44.94	32.85
365.50	42.39	47.03	46.82	40.71	47.34	50.56	44.98	32.86
366.00	42.43	46.99	46.77	40.75	47.38	50.47	45.01	32.86
366.50	42.47	46.95	46.71	40.79	47.41	50.38	45.05	32.87
367.00	42.51	46.90	46.65	40.82	47.44	50.28	45.09	32.87
367.50	42.54	46.85	46.58	40.86	47.47	50.18	45.12	32.88
368.00	42.58	46.79	46.51	40.89	47.49	50.08	45.15	32.90
368.50	42.60	46.73	46.43	40.92	47.50	49.98	45.18	32.90
369.00	42.63	46.67	46.35	40.95	47.52	49.87	45.20	32.92
369.50	42.67	46.60	46.26	40.98	47.52	49.77	45.21	32.92
370.00	42.69	46.53	46.18	41.01	47.53	49.66	45.23	32.93
370.50	42.72	46.45	46.09	41.04	47.53	49.55	45.24	32.94
371.00	42.75	46.38	46.00	41.06	47.54	49.45	45.25	32.95
371.50	42.77	46.30	45.91	41.08	47.53	49.34	45.25	32.96
372.00	42.79	46.22	45.82	41.10	47.53	49.24	45.25	32.97
372.50	42.81	46.14	45.73	41.11	47.52	49.14	45.25	32.98
373.00	42.83	46.07	45.63	41.13	47.51	49.05	45.24	32.99
373.50	42.84	45.99	45.54	41.15	47.49	48.94	45.23	33.00
374.00	42.85	45.91	45.45	41.16	47.48	48.85	45.22	33.01
374.50	42.87	45.84	45.35	41.17	47.47	48.76	45.20	33.02
375.00	42.88	45.76	45.26	41.18	47.45	48.66	45.19	33.03
375.50	42.89	45.68	45.17	41.19	47.43	48.57	45.17	33.04
376.00	42.90	45.61	45.08	41.19	47.41	48.48	45.15	33.05
376.50	42.91	45.53	44.99	41.20	47.39	48.39	45.12	33.06
377.00	42.92	45.45	44.91	41.20	47.36	48.31	45.10	33.06
377.50	42.93	45.38	44.82	41.20	47.34	48.22	45.07	33.07
378.00	42.93	45.30	44.73	41.20	47.31	48.13	45.04	33.09
378.50	42.93	45.23	44.64	41.20	47.28	48.05	45.01	33.09
379.00	42.93	45.16	44.56	41.20	47.26	47.97	44.98	33.10
379.50	42.93	45.09	44.47	41.20	47.23	47.89	44.95	33.12
380.00	42.93	45.01	44.39	41.19	47.20	47.81	44.91	33.12
380.50	42.93	44.95	44.31	41.19	47.17	47.73	44.88	33.14
381.00	42.92	44.88	44.23	41.18	47.14	47.66	44.85	33.15
381.50	42.92	44.82	44.15	41.18	47.11	47.58	44.81	33.16
382.00	42.92	44.74	44.07	41.17	47.08	47.51	44.77	33.17
382.50	42.91	44.67	44.00	41.16	47.05	47.44	44.73	33.18
383.00	42.91	44.61	43.92	41.15	47.02	47.36	44.70	33.19
383.50	42.90	44.54	43.85	41.14	46.98	47.29	44.65	33.20
384.00	42.89	44.48	43.77	41.13	46.95	47.22	44.61	33.21
384.50	42.89	44.42	43.70	41.12	46.92	47.15	44.57	33.22
385.00	42.88	44.36	43.62	41.11	46.88	47.09	44.53	33.23
385.50	42.87	44.30	43.55	41.10	46.84	47.02	44.49	33.24
386.00	42.86	44.24	43.49	41.09	46.81	46.96	44.45	33.25
386.50	42.85	44.18	43.42	41.07	46.78	46.89	44.40	33.26
387.00	42.83	44.12	43.35	41.06	46.74	46.83	44.36	33.28
387.50	42.83	44.06	43.28	41.04	46.70	46.77	44.31	33.28
388.00	42.81	44.01	43.22	41.03	46.67	46.71	44.27	33.30
388.50	42.80	43.95	43.15	41.01	46.63	46.65	44.23	33.31
389.00	42.79	43.90	43.09	41.00	46.60	46.59	44.19	33.32
389.50	42.78	43.85	43.03	40.98	46.55	46.54	44.14	33.33
390.00	42.77	43.79	42.97	40.97	46.52	46.48	44.09	33.34
390.50	42.75	43.74	42.90	40.95	46.48	46.42	44.05	33.35
391.00	42.73	43.69	42.85	40.93	46.44	46.37	44.00	33.36
391.50	42.72	43.64	42.79	40.91	46.41	46.31	43.96	33.37
392.00	42.71	43.59	42.73	40.90	46.37	46.25	43.91	33.38
392.50	42.69	43.54	42.68	40.88	46.33	46.20	43.87	33.39
393.00	42.68	43.49	42.62	40.86	46.30	46.15	43.82	33.40
393.50	42.66	43.44	42.56	40.84	46.26	46.10	43.78	33.41
394.00	42.65	43.40	42.51	40.82	46.22	46.04	43.73	33.42
394.50	42.63	43.35	42.46	40.81	46.18	46.00	43.69	33.43
395.00	42.61	43.31	42.40	40.79	46.14	45.94	43.64	33.44
395.50	42.60	43.26	42.36	40.77	46.10	45.89	43.60	33.45
396.00	42.58	43.22	42.31	40.75	46.06	45.84	43.56	33.46
396.50	42.57	43.18	42.26	40.73	46.02	45.80	43.51	33.47
397.00	42.55	43.13	42.21	40.71	45.99	45.75	43.47	33.48
397.50	42.53	43.09	42.16	40.69	45.95	45.70	43.42	33.49
398.00	42.52	43.05	42.11	40.67	45.91	45.65	43.38	33.51
398.50	42.50	43.01	42.07	40.65	45.87	45.61	43.34	33.51
399.00	42.48	42.97	42.02	40.63	45.83	45.56	43.29	33.52
399.50	42.47	42.93	41.98	40.61	45.80	45.51	43.24	33.53
400.00	42.45	42.89	41.94	40.59	45.76	45.47	43.20	33.54
400.50	42.43	42.86	41.89	40.57	45.72	45.43	43.16	33.55
401.00	42.41	42.81	41.85	40.55	45.68	45.38	43.12	33.56
401.50	42.40	42.78	41.81	40.53	45.64	45.35	43.07	33.57
402.00	42.38	42.75	41.78	40.51	45.60	45.33	43.03	33.58
402.50	42.37	42.73	41.77	40.49	45.57	45.33	42.99	33.59
403.00	42.35	42.72	41.77	40.47	45.53	45.36	42.95	33.60
403.50	42.33	42.73	41.78	40.45	45.49	45.40	42.91	33.61
404.00	42.31	42.74	41.81	40.43	45.46	45.47	42.87	33.62
404.50	42.29	42.77	41.84	40.41	45.43	45.56	42.84	33.62
405.00	42.27	42.81	41.90	40.40	45.40	45.65	42.80	33.63
405.50	42.26	42.85	41.96	40.38	45.38	45.75	42.77	33.64
406.00	42.24	42.90	42.03	40.36	45.36	45.86	42.75	33.65
406.50	42.23	42.97	42.11	40.34	45.34	45.98	42.73	33.66
407.00	42.21	43.03	42.20	40.32	45.34	46.11	42.71	33.67
407.50	42.20	43.11	42.28	40.31	45.33	46.23	42.70	33.68
408.00	42.18	43.18	42.38	40.29	45.33	46.36	42.69	33.69
408.50	42.17	43.27	42.48	40.28	45.34	46.49	42.68	33.69
409.00	42.16	43.35	42.58	40.27	45.34	46.62	42.69	33.70
409.50	42.15	43.44	42.68	40.26	45.35	46.75	42.68	33.71
410.00	42.14	43.53	42.78	40.24	45.37	46.87	42.69	33.72
410.50	42.14	43.62	42.89	40.24	45.39	47.00	42.70	33.72
411.00	42.14	43.72	42.99	40.23	45.41	47.13	42.71	33.73
411.50	42.14	43.82	43.10	40.23	45.43	47.26	42.72	33.73
412.00	42.14	43.91	43.22	40.23	45.46	47.38	42.74	33.74
412.50	42.13	44.01	43.33	40.23	45.49	47.50	42.76	33.75
413.00	42.14	44.11	43.44	40.23	45.51	47.62	42.79	33.76
413.50	42.14	44.21	43.55	40.24	45.55	47.74	42.82	33.76
414.00	42.15	44.30	43.66	40.24	45.58	47.86	42.85	33.77
414.50	42.16	44.40	43.77	40.25	45.62	47.97	42.89	33.78
415.00	42.16	44.50	43.88	40.26	45.66	48.09	42.92	33.79
415.50	42.17	44.59	43.97	40.26	45.70	48.20	42.95	33.79
416.00	42.18	44.69	44.08	40.27	45.74	48.31	42.99	33.80
416.50	42.20	44.79	44.19	40.29	45.78	48.42	43.03	33.80
417.00	42.21	44.89	44.30	40.30	45.83	48.52	43.08	33.81
417.50	42.23	44.97	44.41	40.32	45.87	48.63	43.12	33.82
418.00	42.25	45.07	44.51	40.34	45.91	48.73	43.18	33.82
418.50	42.26	45.16	44.62	40.36	45.96	48.83	43.22	33.83
419.00	42.28	45.26	44.73	40.38	46.00	48.93	43.27	33.84
419.50	42.30	45.35	44.83	40.40	46.05	49.03	43.33	33.85
420.00	42.32	45.44	44.93	40.42	46.10	49.13	43.38	33.85
420.50	42.35	45.53	45.03	40.44	46.15	49.22	43.44	33.85
421.00	42.37	45.62	45.13	40.47	46.20	49.31	43.49	33.86
421.50	42.39	45.70	45.22	40.49	46.25	49.40	43.55	33.88
422.00	42.41	45.79	45.33	40.52	46.31	49.50	43.60	33.88
422.50	42.44	45.88	45.42	40.54	46.36	49.59	43.66	33.89
423.00	42.47	45.96	45.51	40.57	46.41	49.68	43.72	33.89
423.50	42.49	46.04	45.61	40.60	46.46	49.76	43.78	33.90
424.00	42.52	46.13	45.70	40.63	46.51	49.85	43.84	33.91
424.50	42.55	46.21	45.79	40.66	46.57	49.93	43.90	33.91
425.00	42.58	46.29	45.88	40.69	46.62	50.01	43.96	33.92
425.50	42.61	46.37	45.97	40.71	46.67	50.10	44.02	33.92
426.00	42.64	46.45	46.06	40.75	46.73	50.18	44.09	33.93
426.50	42.67	46.53	46.15	40.77	46.78	50.25	44.15	33.93
427.00	42.70	46.60	46.23	40.81	46.84	50.34	44.21	33.94
427.50	42.73	46.68	46.31	40.84	46.89	50.41	44.27	33.95
428.00	42.76	46.75	46.39	40.87	46.95	50.49	44.33	33.95
428.50	42.80	46.83	46.46	40.90	47.00	50.56	44.39	33.96
429.00	42.83	46.90	46.51	40.91	47.06	50.64	44.42	33.95
429.50	42.86	46.97	46.58	40.94	47.11	50.71	44.47	33.95
430.00	42.90	47.04	46.66	40.98	47.17	50.79	44.53	33.96
430.50	42.93	47.12	46.75	41.02	47.23	50.86	44.60	33.96
431.00	42.96	47.19	46.82	41.05	47.28	50.93	44.66	33.97
431.50	43.00	47.26	46.91	41.09	47.34	51.00	44.73	33.98
432.00	43.03	47.33	46.99	41.13	47.39	51.07	44.79	33.98
432.50	43.07	47.39	47.06	41.16	47.45	51.14	44.86	33.99
433.00	43.10	47.46	47.14	41.20	47.50	51.20	44.92	33.99
433.50	43.14	47.53	47.22	41.23	47.56	51.27	44.99	34.00
434.00	43.17	47.59	47.29	41.28	47.61	51.34	45.05	34.01
434.50	43.21	47.66	47.36	41.31	47.67	51.40	45.11	34.02
435.00	43.24	47.72	47.43	41.35	47.73	51.47	45.18	34.03
435.50	43.28	47.78	47.50	41.39	47.78	51.53	45.23	34.03
436.00	43.32	47.85	47.57	41.42	47.83	51.59	45.30	34.04
436.50	43.35	47.91	47.64	41.46	47.89	51.66	45.37	34.05
437.00	43.39	47.97	47.70	41.50	47.95	51.72	45.42	34.05
437.50	43.42	48.03	47.77	41.53	48.01	51.78	45.49	34.06
438.00	43.46	48.09	47.83	41.57	48.06	51.84	45.55	34.07
438.50	43.49	48.15	47.90	41.61	48.11	51.90	45.61	34.07
439.00	43.53	48.20	47.96	41.64	48.17	51.96	45.67	34.08
439.50	43.56	48.26	48.03	41.69	48.23	52.02	45.73	34.09
440.00	43.61	48.32	48.08	41.73	48.28	52.08	45.79	34.09
440.50	43.64	48.37	48.15	41.76	48.34	52.14	45.85	34.10
441.00	43.68	48.43	48.21	41.80	48.39	52.20	45.91	34.10
441.50	43.72	48.48	48.27	41.84	48.44	52.25	45.96	34.12
442.00	43.75	48.53	48.31	41.88	48.50	52.29	46.02	34.12
442.50	43.79	48.57	48.35	41.91	48.55	52.31	46.08	34.13
443.00	43.82	48.60	48.37	41.95	48.60	52.31	46.13	34.13
443.50	43.86	48.62	48.38	41.98	48.65	52.29	46.19	34.14
444.00	43.90	48.63	48.37	42.02	48.70	52.25	46.24	34.15
444.50	43.94	48.62	48.35	42.06	48.76	52.20	46.29	34.16
445.00	43.97	48.61	48.32	42.10	48.80	52.14	46.34	34.16
445.50	44.01	48.58	48.27	42.13	48.84	52.05	46.39	34.17
446.00	44.05	48.55	48.23	42.17	48.88	51.97	46.43	34.18
446.50	44.08	48.51	48.16	42.20	48.91	51.88	46.46	34.18
447.00	44.11	48.46	48.10	42.24	48.94	51.78	46.50	34.19
447.50	44.15	48.40	48.02	42.27	48.97	51.69	46.54	34.20
448.00	44.18	48.35	47.95	42.30	48.99	51.58	46.57	34.20
448.50	44.21	48.29	47.87	42.33	49.00	51.47	46.59	34.21
449.00	44.24	48.22	47.79	42.36	49.02	51.37	46.61	34.22
449.50	44.27	48.15	47.70	42.39	49.03	51.26	46.62	34.23
450.00	44.30	48.08	47.61	42.42	49.03	51.15	46.64	34.24
450.50	44.32	48.00	47.52	42.44	49.03	51.05	46.64	34.25
451.00	44.34	47.93	47.43	42.47	49.03	50.95	46.65	34.25
451.50	44.36	47.85	47.33	42.48	49.03	50.84	46.65	34.26
452.00	44.39	47.77	47.24	42.50	49.02	50.74	46.65	34.27
452.50	44.40	47.69	47.15	42.52	49.01	50.63	46.65	34.28
453.00	44.42	47.62	47.05	42.53	49.01	50.53	46.63	34.29
453.50	44.43	47.54	46.96	42.54	48.99	50.43	46.63	34.30
454.00	44.45	47.45	46.87	42.56	48.97	50.34	46.61	34.31
454.50	44.46	47.38	46.78	42.57	48.96	50.24	46.61	34.31
455.00	44.47	47.30	46.68	42.57	48.94	50.14	46.58	34.32
455.50	44.48	47.22	46.59	42.58	48.92	50.05	46.56	34.33
456.00	44.49	47.14	46.50	42.59	48.90	49.96	46.54	34.34
456.50	44.49	47.06	46.40	42.59	48.87	49.87	46.51	34.35
457.00	44.49	46.98	46.32	42.59	48.85	49.78	46.49	34.36
457.50	44.50	46.91	46.23	42.60	48.82	49.69	46.46	34.37
458.00	44.50	46.83	46.14	42.59	48.80	49.61	46.44	34.38
458.50	44.50	46.76	46.05	42.59	48.77	49.52	46.40	34.39
459.00	44.50	46.68	45.97	42.59	48.75	49.44	46.37	34.39
459.50	44.50	46.61	45.88	42.59	48.72	49.36	46.34	34.40
460.00	44.50	46.54	45.80	42.59	48.69	49.28	46.31	34.41
460.50	44.50	46.47	45.72	42.58	48.65	49.20	46.27	34.43
461.00	44.49	46.40	45.64	42.57	48.62	49.13	46.24	34.43
461.50	44.49	46.33	45.55	42.56	48.59	49.05	46.19	34.44
462.00	44.48	46.26	45.47	42.56	48.55	48.97	46.15	34.45
462.50	44.48	46.19	45.39	42.54	48.53	48.90	46.11	34.46
463.00	44.47	46.12	45.31	42.53	48.49	48.82	46.07	34.47
463.50	44.46	46.06	45.24	42.53	48.46	48.75	46.03	34.48
464.00	44.45	45.99	45.16	42.51	48.42	48.68	45.99	34.50
464.50	44.44	45.93	45.09	42.50	48.39	48.61	45.94	34.51
465.00	44.43	45.87	45.01	42.48	48.35	48.54	45.91	34.51
465.50	44.42	45.80	44.94	42.48	48.31	48.48	45.86	34.52
466.00	44.41	45.74	44.87	42.45	48.28	48.41	45.81	34.53
466.50	44.40	45.68	44.80	42.44	48.24	48.34	45.77	34.54
467.00	44.39	45.62	44.73	42.43	48.20	48.28	45.73	34.55
467.50	44.38	45.57	44.67	42.41	48.16	48.21	45.69	34.56
468.00	44.37	45.51	44.60	42.40	48.13	48.15	45.64	34.57
468.50	44.35	45.45	44.53	42.38	48.08	48.09	45.60	34.58
469.00	44.34	45.39	44.47	42.36	48.05	48.03	45.55	34.59
469.50	44.32	45.34	44.41	42.34	48.01	47.97	45.51	34.61
470.00	44.30	45.28	44.34	42.33	47.97	47.91	45.46	34.61
470.50	44.29	45.23	44.28	42.31	47.93	47.85	45.41	34.62
471.00	44.27	45.17	44.21	42.29	47.89	47.79	45.36	34.63
471.50	44.26	45.12	44.13	42.26	47.85	47.74	45.30	34.64
472.00	44.24	45.07	44.06	42.24	47.82	47.68	45.24	34.64
472.50	44.23	45.02	44.00	42.21	47.77	47.63	45.19	34.65
473.00	44.21	44.97	43.95	42.20	47.73	47.58	45.15	34.66
473.50	44.19	44.92	43.89	42.18	47.70	47.52	45.10	34.67
474.00	44.17	44.88	43.84	42.16	47.65	47.47	45.06	34.68
474.50	44.16	44.83	43.78	42.14	47.61	47.42	45.01	34.69
475.00	44.14	44.78	43.73	42.12	47.58	47.36	44.96	34.70
475.50	44.12	44.74	43.68	42.10	47.54	47.31	44.92	34.70
476.00	44.10	44.69	43.63	42.09	47.50	47.26	44.87	34.72
476.50	44.09	44.64	43.58	42.06	47.45	47.21	44.83	34.72
477.00	44.07	44.60	43.54	42.04	47.41	47.16	44.79	34.74
477.50	44.05	44.56	43.49	42.03	47.38	47.11	44.74	34.75
478.00	44.03	44.51	43.44	42.01	47.34	47.06	44.70	34.76
478.50	44.01	44.47	43.38	41.98	47.30	47.01	44.65	34.76
479.00	44.00	44.42	43.32	41.96	47.26	46.97	44.59	34.77
479.50	43.98	44.39	43.28	41.93	47.22	46.92	44.55	34.78
480.00	43.96	44.35	43.24	41.92	47.18	46.87	44.50	34.79
480.50	43.94	44.30	43.20	41.89	47.14	46.82	44.46	34.80
481.00	43.92	44.27	43.16	41.88	47.10	46.78	44.42	34.81
481.50	43.90	44.23	43.13	41.86	47.06	46.75	44.38	34.82
482.00	43.88	44.21	43.10	41.84	47.02	46.74	44.34	34.83
482.50	43.86	44.19	43.09	41.82	46.98	46.75	44.30	34.84
483.00	43.84	44.18	43.10	41.80	46.94	46.78	44.27	34.85
483.50	43.82	44.19	43.12	41.78	46.90	46.84	44.22	34.86
484.00	43.80	44.21	43.15	41.76	46.87	46.91	44.19	34.87
484.50	43.78	44.24	43.20	41.74	46.84	46.99	44.15	34.88
485.00	43.76	44.27	43.25	41.71	46.82	47.09	44.12	34.89
485.50	43.74	44.32	43.31	41.69	46.79	47.19	44.09	34.90
486.00	43.73	44.38	43.39	41.67	46.77	47.30	44.06	34.90
486.50	43.71	44.43	43.46	41.66	46.76	47.42	44.05	34.91
487.00	43.69	44.51	43.55	41.64	46.75	47.54	44.02	34.92
487.50	43.68	44.58	43.64	41.62	46.75	47.67	44.01	34.93
488.00	43.66	44.66	43.73	41.61	46.74	47.80	44.01	34.93
488.50	43.65	44.74	43.83	41.60	46.75	47.92	44.00	34.94
489.00	43.64	44.82	43.93	41.58	46.76	48.05	44.00	34.95
489.50	43.63	44.91	44.04	41.58	46.77	48.18	44.00	34.96
490.00	43.62	45.00	44.14	41.57	46.78	48.30	44.01	34.97
490.50	43.61	45.09	44.25	41.56	46.80	48.43	44.02	34.97
491.00	43.61	45.18	44.36	41.55	46.82	48.55	44.03	34.98
491.50	43.61	45.28	44.46	41.55	46.84	48.67	44.05	34.99
492.00	43.60	45.37	44.57	41.55	46.87	48.80	44.07	34.99
492.50	43.60	45.47	44.67	41.54	46.89	48.91	44.08	35.00
493.00	43.61	45.56	44.78	41.54	46.92	49.03	44.11	35.00
493.50	43.61	45.66	44.89	41.55	46.95	49.15	44.14	35.01
494.00	43.61	45.76	45.00	41.55	46.99	49.26	44.17	35.02
494.50	43.62	45.85	45.11	41.56	47.02	49.37	44.20	35.03
495.00	43.63	45.94	45.21	41.57	47.06	49.48	44.24	35.03
495.50	43.64	46.04	45.32	41.58	47.10	49.59	44.28	35.04
496.00	43.65	46.14	45.42	41.59	47.14	49.70	44.31	35.04
496.50	43.66	46.23	45.53	41.61	47.18	49.81	44.36	35.05
497.00	43.67	46.32	45.64	41.62	47.22	49.91	44.40	35.05
497.50	43.68	46.42	45.74	41.64	47.26	50.01	44.45	35.06
498.00	43.70	46.51	45.84	41.65	47.31	50.11	44.49	35.07
498.50	43.72	46.60	45.94	41.67	47.36	50.21	44.54	35.07
499.00	43.74	46.69	46.03	41.68	47.40	50.31	44.58	35.07
499.50	43.76	46.78	46.09	41.67	47.45	50.41	44.62	35.08
500.00	43.78	46.86	46.16	41.67	47.49	50.50	44.66	35.07
500.50	43.80	46.95	46.25	41.69	47.53	50.59	44.70	35.06
501.00	43.82	47.03	46.35	41.72	47.58	50.67	44.75	35.07
501.50	43.84	47.12	46.46	41.75	47.63	50.76	44.80	35.08
502.00	43.86	47.21	46.57	41.78	47.68	50.85	44.86	35.09
502.50	43.89	47.29	46.67	41.81	47.73	50.94	44.92	35.10
503.00	43.91	47.37	46.76	41.84	47.78	51.02	44.98	35.10
503.50	43.94	47.46	46.86	41.87	47.84	51.11	45.04	35.11
504.00	43.97	47.54	46.96	41.90	47.89	51.19	45.10	35.12
504.50	43.99	47.61	47.05	41.93	47.94	51.27	45.17	35.13
505.00	44.02	47.69	47.14	41.96	47.99	51.35	45.22	35.13
505.50	44.04	47.77	47.23	41.99	48.04	51.43	45.29	35.13
506.00	44.07	47.85	47.31	42.02	48.10	51.51	45.34	35.15
506.50	44.10	47.92	47.40	42.05	48.15	51.59	45.40	35.15
507.00	44.13	48.00	47.48	42.08	48.20	51.66	45.46	35.15
507.50	44.16	48.07	47.56	42.11	48.26	51.74	45.52	35.16
508.00	44.19	48.14	47.64	42.14	48.31	51.81	45.58	35.16
508.50	44.22	48.21	47.72	42.17	48.36	51.89	45.64	35.17
509.00	44.25	48.28	47.80	42.21	48.41	51.96	45.70	35.17
509.50	44.28	48.35	47.87	42.24	48.47	52.03	45.75	35.18
510.00	44.32	48.43	47.95	42.28	48.53	52.10	45.81	35.18
510.50	44.35	48.49	48.03	42.31	48.57	52.17	45.88	35.19
511.00	44.38	48.56	48.11	42.34	48.63	52.24	45.94	35.20
511.50	44.41	48.63	48.18	42.38	48.68	52.31	46.00	35.20
512.00	44.44	48.69	48.26	42.42	48.74	52.38	46.06	35.21
512.50	44.48	48.76	48.33	42.45	48.79	52.44	46.13	35.22
513.00	44.51	48.83	48.40	42.48	48.85	52.51	46.19	35.22
513.50	44.54	48.89	48.47	42.51	48.90	52.58	46.25	35.23
514.00	44.58	48.95	48.54	42.55	48.96	52.64	46.31	35.24
514.50	44.61	49.01	48.61	42.58	49.01	52.70	46.37	35.24
515.00	44.65	49.08	48.68	42.62	49.07	52.77	46.43	35.25
515.50	44.68	49.13	48.74	42.65	49.12	52.83	46.49	35.25
516.00	44.71	49.19	48.81	42.69	49.17	52.89	46.56	35.26
516.50	44.75	49.25	48.87	42.73	49.22	52.95	46.61	35.26
517.00	44.78	49.31	48.94	42.76	49.28	53.01	46.67	35.27
517.50	44.82	49.37	49.00	42.79	49.33	53.08	46.73	35.27
518.00	44.85	49.43	49.05	42.83	49.38	53.13	46.78	35.28
518.50	44.89	49.48	49.11	42.86	49.44	53.19	46.83	35.28
519.00	44.93	49.54	49.17	42.90	49.49	53.25	46.88	35.28
519.50	44.96	49.60	49.23	42.93	49.55	53.31	46.94	35.29
520.00	44.99	49.65	49.29	42.97	49.60	53.36	47.00	35.30
520.50	45.03	49.70	49.35	43.01	49.65	53.42	47.06	35.31
521.00	45.06	49.76	49.41	43.05	49.71	53.47	47.11	35.31
521.50	45.10	49.81	49.46	43.08	49.75	53.51	47.17	35.32
522.00	45.13	49.85	49.50	43.12	49.81	53.53	47.23	35.32
522.50	45.17	49.88	49.52	43.16	49.86	53.53	47.28	35.33
523.00	45.20	49.89	49.53	43.19	49.91	53.51	47.34	35.33
523.50	45.24	49.90	49.52	43.23	49.96	53.47	47.39	35.34
524.00	45.27	49.89	49.50	43.26	50.01	53.41	47.45	35.35
524.50	45.31	49.87	49.47	43.30	50.05	53.34	47.49	35.36
525.00	45.34	49.85	49.43	43.34	50.09	53.26	47.54	35.36
525.50	45.38	49.81	49.37	43.37	50.13	53.18	47.58	35.37
526.00	45.41	49.78	49.32	43.40	50.15	53.09	47.62	35.38
526.50	45.45	49.72	49.25	43.44	50.19	52.99	47.65	35.38
527.00	45.47	49.67	49.18	43.47	50.21	52.88	47.68	35.39
527.50	45.51	49.61	49.09	43.49	50.22	52.78	47.70	35.39
528.00	45.54	49.54	49.00	43.52	50.24	52.67	47.71	35.40
528.50	45.56	49.47	48.91	43.55	50.25	52.56	47.72	35.41
529.00	45.59	49.40	48.82	43.57	50.25	52.46	47.74	35.41
529.50	45.62	49.33	48.73	43.60	50.26	52.35	47.75	35.42
530.00	45.64	49.25	48.64	43.62	50.26	52.24	47.76	35.43
530.50	45.66	49.18	48.55	43.64	50.26	52.14	47.76	35.43
531.00	45.68	49.10	48.46	43.66	50.26	52.03	47.76	35.44
531.50	45.70	49.02	48.37	43.68	50.25	51.93	47.76	35.45
532.00	45.72	48.94	48.28	43.70	50.24	51.82	47.76	35.46
532.50	45.74	48.86	48.18	43.71	50.22	51.73	47.75	35.46
533.00	45.74	48.78	48.09	43.72	50.21	51.62	47.74	35.47
533.50	45.76	48.70	47.99	43.73	50.20	51.52	47.72	35.48
534.00	45.77	48.62	47.90	43.74	50.17	51.42	47.71	35.49
534.50	45.77	48.53	47.81	43.75	50.16	51.33	47.69	35.50
535.00	45.78	48.46	47.72	43.76	50.13	51.23	47.68	35.51
535.50	45.79	48.37	47.63	43.76	50.11	51.14	47.65	35.52
536.00	45.79	48.30	47.53	43.76	50.09	51.05	47.63	35.53
536.50	45.80	48.22	47.44	43.76	50.06	50.96	47.60	35.53
537.00	45.80	48.14	47.35	43.76	50.04	50.87	47.57	35.54
537.50	45.80	48.06	47.26	43.76	50.01	50.78	47.54	35.55
538.00	45.79	47.99	47.17	43.76	49.98	50.70	47.51	35.57
538.50	45.79	47.91	47.09	43.75	49.95	50.61	47.48	35.57
539.00	45.79	47.83	47.00	43.75	49.92	50.53	47.44	35.58
539.50	45.79	47.76	46.92	43.74	49.89	50.45	47.41	35.59
540.00	45.79	47.68	46.83	43.74	49.86	50.37	47.38	35.60
540.50	45.78	47.62	46.75	43.72	49.82	50.29	47.34	35.60
541.00	45.77	47.54	46.67	43.72	49.79	50.21	47.30	35.61
541.50	45.76	47.47	46.58	43.70	49.75	50.14	47.26	35.63
542.00	45.76	47.40	46.50	43.69	49.72	50.06	47.21	35.63
542.50	45.75	47.34	46.42	43.68	49.68	49.99	47.17	35.64
543.00	45.74	47.27	46.34	43.67	49.65	49.91	47.13	35.65
543.50	45.73	47.20	46.26	43.65	49.61	49.85	47.08	35.65
544.00	45.72	47.14	46.19	43.64	49.58	49.78	47.04	35.66
544.50	45.71	47.07	46.11	43.63	49.54	49.70	46.99	35.67
545.00	45.69	47.01	46.04	43.61	49.50	49.64	46.95	35.67
545.50	45.68	46.95	45.97	43.60	49.46	49.57	46.90	35.69
546.00	45.67	46.88	45.90	43.58	49.42	49.50	46.86	35.70
546.50	45.66	46.82	45.83	43.57	49.39	49.43	46.82	35.71
547.00	45.64	46.76	45.76	43.55	49.35	49.37	46.77	35.72
547.50	45.62	46.70	45.69	43.54	49.31	49.31	46.72	35.73
548.00	45.61	46.64	45.63	43.52	49.27	49.24	46.68	35.73
548.50	45.59	46.58	45.56	43.50	49.23	49.18	46.63	35.74
549.00	45.58	46.53	45.50	43.48	49.19	49.13	46.58	35.76
549.50	45.56	46.47	45.43	43.46	49.15	49.06	46.53	35.76
550.00	45.55	46.42	45.36	43.44	49.11	49.00	46.48	35.77
550.50	45.53	46.36	45.30	43.42	49.07	48.94	46.43	35.78
551.00	45.51	46.31	45.24	43.40	49.03	48.89	46.38	35.79
551.50	45.49	46.26	45.19	43.38	48.99	48.83	46.34	35.80
552.00	45.47	46.21	45.12	43.36	48.95	48.77	46.29	35.80
552.50	45.45	46.15	45.05	43.34	48.91	48.71	46.23	35.81
553.00	45.44	46.10	44.99	43.31	48.87	48.66	46.18	35.82
553.50	45.42	46.06	44.94	43.30	48.82	48.61	46.13	35.83
554.00	45.40	46.01	44.89	43.28	48.78	48.55	46.09	35.83
554.50	45.38	45.96	44.84	43.26	48.75	48.50	46.04	35.84
555.00	45.36	45.91	44.79	43.24	48.70	48.44	46.00	35.86
555.50	45.34	45.86	44.73	43.21	48.66	48.40	45.96	35.86
556.00	45.32	45.82	44.68	43.19	48.62	48.35	45.91	35.87
556.50	45.30	45.77	44.63	43.17	48.58	48.30	45.86	35.88
557.00	45.28	45.72	44.58	43.15	48.54	48.24	45.82	35.89
557.50	45.26	45.68	44.53	43.13	48.50	48.20	45.77	35.90
558.00	45.24	45.64	44.49	43.10	48.46	48.14	45.72	35.91
558.50	45.22	45.59	44.44	43.08	48.41	48.10	45.68	35.92
559.00	45.20	45.55	44.39	43.06	48.38	48.05	45.64	35.93
559.50	45.18	45.51	44.34	43.04	48.34	48.00	45.59	35.93
560.00	45.16	45.47	44.30	43.02	48.29	47.95	45.54	35.94
560.50	45.14	45.43	44.25	42.99	48.26	47.91	45.50	35.95
561.00	45.12	45.39	44.22	42.97	48.21	47.87	45.45	35.96
561.50	45.10	45.35	44.18	42.95	48.17	47.84	45.41	35.97
562.00	45.08	45.33	44.16	42.92	48.13	47.83	45.37	35.98
562.50	45.06	45.31	44.15	42.90	48.09	47.85	45.33	35.98
563.00	45.04	45.31	44.16	42.88	48.05	47.89	45.29	35.99
563.50	45.02	45.32	44.18	42.86	48.02	47.95	45.25	36.00
564.00	45.00	45.34	44.21	42.83	47.98	48.02	45.21	36.00
564.50	44.97	45.38	44.26	42.81	47.95	48.11	45.18	36.01
565.00	44.95	45.41	44.31	42.78	47.93	48.21	45.14	36.02
565.50	44.94	45.46	44.38	42.77	47.90	48.31	45.11	36.02
566.00	44.91	45.51	44.44	42.74	47.89	48.42	45.08	36.03
566.50	44.90	45.58	44.49	42.71	47.87	48.54	45.04	36.03
567.00	44.88	45.65	44.58	42.69	47.86	48.66	45.02	36.03
567.50	44.86	45.72	44.67	42.67	47.85	48.78	45.01	36.04
568.00	44.85	45.80	44.77	42.66	47.85	48.91	45.00	36.04
568.50	44.84	45.88	44.87	42.65	47.86	49.03	45.00	36.05
569.00	44.83	45.97	44.97	42.64	47.86	49.16	45.00	36.06
569.50	44.82	46.05	45.07	42.63	47.87	49.28	45.00	36.07
570.00	44.80	46.14	45.18	42.62	47.89	49.40	45.01	36.07
570.50	44.80	46.24	45.29	42.61	47.91	49.53	45.02	36.08
571.00	44.79	46.32	45.40	42.61	47.92	49.65	45.03	36.08
571.50	44.79	46.42	45.51	42.60	47.95	49.77	45.05	36.09
572.00	44.78	46.51	45.62	42.60	47.97	49.89	45.08	36.10
572.50	44.79	46.61	45.72	42.60	48.00	50.00	45.10	36.11
573.00	44.78	46.70	45.83	42.60	48.03	50.11	45.13	36.11
573.50	44.78	46.79	45.93	42.60	48.06	50.23	45.16	36.12
574.00	44.79	46.89	46.03	42.60	48.09	50.34	45.18	36.12
574.50	44.79	46.98	46.14	42.61	48.13	50.46	45.21	36.13
575.00	44.80	47.07	46.25	42.62	48.16	50.56	45.24	36.13
575.50	44.81	47.17	46.35	42.63	48.20	50.67	45.28	36.13
576.00	44.82	47.26	46.46	42.64	48.24	50.77	45.32	36.14
576.50	44.83	47.35	46.57	42.64	48.28	50.88	45.37	36.14
577.00	44.84	47.44	46.67	42.66	48.32	50.98	45.41	36.15
577.50	44.85	47.53	46.77	42.67	48.36	51.08	45.46	36.16
578.00	44.87	47.62	46.87	42.69	48.40	51.18	45.50	36.17
578.50	44.89	47.71	46.97	42.70	48.44	51.27	45.55	36.17
579.00	44.90	47.80	47.07	42.72	48.49	51.37	45.60	36.18
579.50	44.92	47.89	47.17	42.74	48.53	51.46	45.65	36.18
580.00	44.94	47.97	47.26	42.76	48.58	51.55	45.70	36.19
580.50	44.96	48.06	47.37	42.78	48.62	51.65	45.76	36.19
581.00	44.97	48.14	47.46	42.80	48.67	51.73	45.81	36.20
581.50	45.00	48.23	47.55	42.82	48.72	51.82	45.86	36.20
582.00	45.02	48.31	47.65	42.85	48.77	51.91	45.91	36.21
582.50	45.04	48.39	47.74	42.87	48.82	51.99	45.97	36.21
583.00	45.07	48.47	47.83	42.89	48.86	52.08	46.03	36.21
583.50	45.09	48.55	47.92	42.92	48.92	52.16	46.08	36.22
584.00	45.12	48.63	48.00	42.94	48.97	52.24	46.14	36.22
584.50	45.14	48.71	48.09	42.97	49.02	52.32	46.19	36.23
585.00	45.17	48.78	48.18	43.00	49.07	52.40	46.25	36.23
585.50	45.19	48.86	48.27	43.02	49.12	52.48	46.31	36.23
586.00	45.22	48.94	48.35	43.06	49.17	52.55	46.37	36.24
586.50	45.25	49.00	48.43	43.08	49.21	52.63	46.44	36.25
587.00	45.27	49.08	48.52	43.11	49.25	52.69	46.49	36.25
587.50	45.31	49.14	48.60	43.14	49.30	52.76	46.55	36.26
588.00	45.33	49.21	48.68	43.18	49.36	52.83	46.61	36.26
588.50	45.36	49.29	48.76	43.21	49.40	52.90	46.67	36.27
589.00	45.39	49.36	48.83	43.24	49.46	52.98	46.73	36.27
589.50	45.43	49.43	48.92	43.27	49.52	53.04	46.79	36.27
590.00	45.45	49.49	48.99	43.30	49.57	53.12	46.85	36.28
590.50	45.49	49.57	49.06	43.33	49.63	53.19	46.91	36.28
591.00	45.52	49.63	49.13	43.36	49.68	53.25	46.97	36.29
591.50	45.55	49.70	49.20	43.40	49.73	53.32	47.03	36.29
592.00	45.58	49.77	49.28	43.43	49.78	53.39	47.09	36.30
592.50	45.61	49.82	49.34	43.46	49.83	53.45	47.15	36.31
593.00	45.65	49.89	49.41	43.50	49.89	53.52	47.21	36.31
593.50	45.67	49.95	49.49	43.53	49.94	53.58	47.27	36.31
594.00	45.71	50.01	49.55	43.56	49.99	53.65	47.33	36.32
594.50	45.74	50.08	49.62	43.60	50.05	53.71	47.39	36.32
595.00	45.77	50.14	49.68	43.63	50.09	53.77	47.45	36.32
595.50	45.81	50.19	49.75	43.66	50.15	53.83	47.51	36.33
596.00	45.84	50.25	49.81	43.70	50.21	53.89	47.56	36.33
596.50	45.87	50.31	49.87	43.73	50.25	53.95	47.62	36.34
597.00	45.90	50.37	49.93	43.76	50.31	54.01	47.68	36.34
597.50	45.94	50.43	50.00	43.80	50.36	54.06	47.73	36.34
598.00	45.98	50.48	50.05	43.83	50.41	54.13	47.79	36.35
598.50	46.01	50.53	50.11	43.87	50.47	54.18	47.85	36.36
599.00	46.04	50.59	50.17	43.90	50.52	54.24	47.90	36.36
599.50	46.07	50.64	50.23	43.94	50.56	54.30	47.96	36.36
600.00	46.11	50.70	50.29	43.98	50.63	54.35	48.02	36.37
600.50	46.14	50.75	50.34	44.01	50.67	54.40	48.07	36.38
601.00	46.17	50.80	50.39	44.04	50.73	54.46	48.13	36.38
601.50	46.21	50.85	50.43	44.07	50.77	54.49	48.17	36.38
602.00	46.24	50.88	50.46	44.11	50.82	54.50	48.23	36.39
602.50	46.28	50.91	50.48	44.15	50.88	54.49	48.28	36.39
603.00	46.31	50.92	50.48	44.18	50.93	54.47	48.33	36.39
603.50	46.34	50.92	50.47	44.22	50.97	54.42	48.39	36.40
604.00	46.38	50.91	50.45	44.26	51.01	54.37	48.43	36.41
604.50	46.42	50.89	50.41	44.29	51.06	54.30	48.48	36.41
605.00	46.45	50.86	50.35	44.30	51.09	54.21	48.51	36.41
605.50	46.48	50.82	50.23	44.30	51.13	54.12	48.51	36.39
606.00	46.51	50.78	50.16	44.33	51.15	54.03	48.52	36.39
606.50	46.54	50.73	50.09	44.37	51.18	53.93	48.55	36.40
607.00	46.57	50.67	50.03	44.41	51.20	53.82	48.59	36.41
607.50	46.60	50.61	49.96	44.44	51.22	53.71	48.62	36.41
608.00	46.63	50.54	49.89	44.47	51.23	53.61	48.65	36.42
608.50	46.66	50.47	49.81	44.51	51.24	53.50	48.67	36.44
609.00	46.68	50.40	49.72	44.53	51.25	53.39	48.69	36.44
609.50	46.70	50.32	49.64	44.56	51.25	53.29	48.71	36.45
610.00	46.73	50.25	49.55	44.58	51.25	53.18	48.72	36.46
610.50	46.75	50.17	49.46	44.60	51.24	53.07	48.72	36.47
611.00	46.77	50.09	49.37	44.62	51.23	52.96	48.73	36.48
611.50	46.78	50.01	49.27	44.63	51.23	52.86	48.72	36.48
612.00	46.79	49.93	49.18	44.65	51.21	52.76	48.72	36.49
612.50	46.81	49.85	49.09	44.66	51.20	52.65	48.71	36.50
613.00	46.82	49.77	48.99	44.68	51.18	52.55	48.70	36.51
613.50	46.83	49.68	48.89	44.68	51.16	52.45	48.68	36.52
614.00	46.84	49.60	48.81	44.69	51.14	52.36	48.67	36.52
614.50	46.85	49.52	48.71	44.69	51.12	52.26	48.65	36.53
615.00	46.85	49.44	48.62	44.70	51.10	52.16	48.63	36.54
615.50	46.86	49.36	48.52	44.70	51.08	52.07	48.61	36.55
616.00	46.86	49.28	48.44	44.70	51.05	51.98	48.58	36.56
616.50	46.86	49.20	48.34	44.70	51.03	51.89	48.56	36.56
617.00	46.86	49.13	48.24	44.70	51.00	51.80	48.52	36.57
617.50	46.86	49.04	48.12	44.68	50.97	51.72	48.47	36.57
618.00	46.86	48.97	48.01	44.66	50.94	51.63	48.42	36.57
618.50	46.86	48.89	47.92	44.66	50.91	51.54	48.38	36.57
619.00	46.85	48.82	47.84	44.66	50.88	51.46	48.34	36.58
619.50	46.84	48.74	47.76	44.65	50.85	51.38	48.30	36.59
620.00	46.84	48.67	47.68	44.65	50.81	51.30	48.28	36.59
620.50	46.83	48.59	47.60	44.64	50.78	51.22	48.23	36.61
621.00	46.83	48.52	47.53	44.63	50.74	51.14	48.20	36.61
621.50	46.81	48.45	47.45	44.63	50.71	51.06	48.16	36.62
622.00	46.81	48.39	47.38	44.61	50.67	50.99	48.13	36.64
622.50	46.80	48.31	47.30	44.60	50.64	50.91	48.09	36.64
623.00	46.78	48.25	47.23	44.59	50.59	50.84	48.05	36.65
623.50	46.78	48.18	47.15	44.57	50.56	50.77	48.01	36.66
624.00	46.76	48.11	47.08	44.56	50.52	50.70	47.97	36.67
624.50	46.75	48.05	47.00	44.55	50.48	50.62	47.92	36.68
625.00	46.73	47.98	46.93	44.53	50.44	50.56	47.88	36.69
625.50	46.72	47.92	46.86	44.52	50.41	50.49	47.83	36.70
626.00	46.71	47.86	46.78	44.50	50.37	50.42	47.79	36.71
626.50	46.69	47.79	46.71	44.47	50.32	50.35	47.73	36.71
627.00	46.68	47.73	46.64	44.45	50.28	50.28	47.68	36.72
627.50	46.66	47.67	46.57	44.44	50.24	50.22	47.64	36.73
628.00	46.64	47.61	46.50	44.42	50.20	50.16	47.59	36.74
628.50	46.63	47.56	46.44	44.40	50.16	50.10	47.55	36.75
629.00	46.61	47.50	46.37	44.38	50.12	50.03	47.50	36.75
629.50	46.60	47.44	46.31	44.37	50.08	49.99	47.45	36.77
630.00	46.58	47.39	46.25	44.35	50.04	49.92	47.41	36.78
630.50	46.55	47.33	46.19	44.33	50.00	49.86	47.36	36.78
631.00	46.54	47.28	46.13	44.31	49.96	49.80	47.31	36.79
631.50	46.52	47.23	46.07	44.29	49.92	49.74	47.27	36.80
632.00	46.50	47.17	46.01	44.27	49.88	49.69	47.23	36.81
632.50	46.48	47.12	45.96	44.25	49.84	49.63	47.18	36.82
633.00	46.46	47.07	45.90	44.23	49.80	49.58	47.13	36.82
633.50	46.44	47.03	45.85	44.21	49.75	49.52	47.09	36.84
634.00	46.42	46.97	45.79	44.19	49.71	49.46	47.04	36.84
634.50	46.40	46.92	45.74	44.17	49.67	49.41	46.99	36.85
635.00	46.38	46.87	45.68	44.14	49.63	49.36	46.95	36.86
635.50	46.36	46.82	45.63	44.12	49.59	49.31	46.90	36.87
636.00	46.34	46.77	45.58	44.10	49.54	49.25	46.85	36.88
636.50	46.32	46.73	45.53	44.08	49.50	49.20	46.81	36.89
637.00	46.30	46.68	45.48	44.05	49.46	49.15	46.76	36.90
637.50	46.28	46.64	45.42	44.03	49.42	49.10	46.72	36.90
638.00	46.26	46.60	45.38	44.01	49.37	49.06	46.67	36.91
638.50	46.24	46.55	45.33	43.98	49.34	49.01	46.62	36.92
639.00	46.21	46.51	45.28	43.96	49.30	48.95	46.58	36.93
639.50	46.19	46.47	45.23	43.94	49.25	48.91	46.53	36.94
640.00	46.17	46.43	45.19	43.92	49.21	48.86	46.49	36.94
640.50	46.15	46.38	45.14	43.89	49.17	48.81	46.45	36.95
641.00	46.13	46.34	45.10	43.87	49.13	48.77	46.40	36.96
641.50	46.11	46.31	45.06	43.85	49.09	48.74	46.35	36.97
642.00	46.08	46.28	45.04	43.83	49.05	48.73	46.31	36.97
642.50	46.06	46.26	45.03	43.80	49.01	48.74	46.27	36.98
643.00	46.04	46.26	45.03	43.78	48.96	48.78	46.23	36.99
643.50	46.02	46.26	45.05	43.75	48.93	48.83	46.19	37.00
644.00	46.00	46.28	45.08	43.73	48.89	48.90	46.14	37.00
644.50	45.98	46.30	45.11	43.69	48.86	48.98	46.10	37.01
645.00	45.95	46.34	45.16	43.68	48.83	49.08	46.06	37.01
645.50	45.93	46.39	45.22	43.65	48.81	49.18	46.03	37.01
646.00	45.91	46.45	45.30	43.63	48.79	49.30	46.00	37.02
646.50	45.90	46.51	45.38	43.62	48.77	49.41	45.98	37.02
647.00	45.88	46.58	45.47	43.60	48.76	49.53	45.97	37.03
647.50	45.86	46.65	45.56	43.58	48.76	49.65	45.96	37.04
648.00	45.84	46.72	45.65	43.56	48.75	49.78	45.95	37.05
648.50	45.83	46.80	45.75	43.55	48.76	49.90	45.95	37.05
649.00	45.81	46.89	45.85	43.54	48.76	50.02	45.94	37.06
649.50	45.80	46.97	45.95	43.53	48.77	50.14	45.95	37.06
650.00	45.79	47.06	46.05	43.52	48.78	50.26	45.95	37.07
650.50	45.78	47.15	46.16	43.51	48.80	50.39	45.96	37.08
651.00	45.77	47.24	46.26	43.50	48.82	50.51	45.97	37.08
651.50	45.77	47.34	46.37	43.50	48.84	50.63	45.99	37.09
652.00	45.77	47.43	46.47	43.50	48.86	50.75	46.00	37.09
652.50	45.77	47.52	46.58	43.49	48.89	50.87	46.03	37.10
653.00	45.76	47.62	46.69	43.49	48.92	50.98	46.06	37.10
653.50	45.77	47.71	46.80	43.50	48.95	51.09	46.08	37.11
654.00	45.77	47.80	46.90	43.50	48.98	51.21	46.12	37.11
654.50	45.77	47.90	47.01	43.51	49.01	51.31	46.15	37.12
655.00	45.78	47.99	47.12	43.51	49.04	51.43	46.18	37.13
655.50	45.78	48.08	47.22	43.52	49.08	51.53	46.22	37.13
656.00	45.79	48.18	47.33	43.53	49.12	51.64	46.26	37.13
656.50	45.80	48.27	47.43	43.54	49.16	51.74	46.30	37.14
657.00	45.81	48.35	47.53	43.56	49.19	51.84	46.34	37.14
657.50	45.82	48.44	47.63	43.57	49.24	51.94	46.38	37.15
658.00	45.84	48.54	47.73	43.58	49.28	52.04	46.43	37.15
658.50	45.85	48.62	47.84	43.60	49.32	52.14	46.47	37.15
659.00	45.87	48.71	47.94	43.61	49.36	52.23	46.52	37.16
659.50	45.89	48.80	48.04	43.63	49.41	52.32	46.58	37.16
660.00	45.90	48.89	48.13	43.65	49.45	52.41	46.62	37.17
660.50	45.92	48.97	48.23	43.67	49.50	52.51	46.68	37.17
661.00	45.94	49.06	48.33	43.70	49.55	52.59	46.73	37.18
661.50	45.96	49.14	48.42	43.71	49.60	52.68	46.79	37.18
662.00	45.98	49.22	48.51	43.74	49.64	52.76	46.83	37.18
662.50	46.00	49.31	48.60	43.76	49.69	52.86	46.89	37.19
663.00	46.02	49.38	48.69	43.78	49.74	52.93	46.95	37.19
663.50	46.05	49.46	48.78	43.81	49.79	53.02	47.00	37.20
664.00	46.07	49.54	48.86	43.84	49.84	53.10	47.06	37.20
664.50	46.10	49.62	48.95	43.86	49.88	53.18	47.11	37.21
665.00	46.12	49.69	49.04	43.89	49.93	53.26	47.17	37.21
665.50	46.15	49.77	49.12	43.91	49.99	53.34	47.23	37.21
666.00	46.18	49.84	49.21	43.94	50.03	53.41	47.29	37.22
666.50	46.20	49.92	49.29	43.97	50.09	53.49	47.35	37.22
667.00	46.23	49.99	49.37	44.00	50.14	53.57	47.41	37.22
667.50	46.26	50.06	49.45	44.03	50.19	53.64	47.46	37.23
668.00	46.29	50.13	49.54	44.06	50.24	53.71	47.52	37.23
668.50	46.32	50.21	49.61	44.09	50.29	53.78	47.58	37.24
669.00	46.34	50.27	49.69	44.12	50.34	53.85	47.65	37.24
669.50	46.37	50.34	49.77	44.16	50.39	53.92	47.70	37.24
670.00	46.40	50.41	49.84	44.18	50.45	53.99	47.76	37.24
670.50	46.44	50.48	49.91	44.21	50.49	54.06	47.82	37.24
671.00	46.47	50.54	49.99	44.25	50.55	54.13	47.88	37.25
671.50	46.49	50.61	50.06	44.27	50.60	54.19	47.94	37.25
672.00	46.53	50.67	50.13	44.31	50.65	54.26	48.00	37.26
672.50	46.56	50.74	50.20	44.34	50.70	54.32	48.06	37.26
673.00	46.59	50.80	50.27	44.37	50.76	54.39	48.12	37.26
673.50	46.62	50.86	50.34	44.41	50.81	54.45	48.18	37.27
674.00	46.65	50.92	50.41	44.44	50.86	54.51	48.24	37.27
674.50	46.68	50.98	50.47	44.47	50.91	54.58	48.30	37.28
675.00	46.71	51.05	50.54	44.51	50.97	54.64	48.35	37.28
675.50	46.74	51.10	50.61	44.54	51.02	54.70	48.41	37.28
676.00	46.78	51.16	50.67	44.58	51.07	54.76	48.47	37.29
676.50	46.81	51.22	50.73	44.61	51.12	54.82	48.53	37.30
677.00	46.84	51.28	50.79	44.64	51.17	54.88	48.58	37.30
677.50	46.87	51.33	50.86	44.68	51.22	54.93	48.63	37.30
678.00	46.91	51.39	50.92	44.71	51.28	54.99	48.70	37.30
678.50	46.94	51.45	50.98	44.74	51.33	55.05	48.75	37.31
679.00	46.97	51.50	51.04	44.79	51.38	55.10	48.81	37.31
679.50	47.01	51.55	51.10	44.82	51.43	55.16	48.87	37.32
680.00	47.04	51.61	51.16	44.85	51.48	55.22	48.93	37.33
680.50	47.07	51.66	51.21	44.89	51.53	55.27	48.98	37.33
681.00	47.11	51.71	51.27	44.92	51.59	55.32	49.05	37.33
681.50	47.14	51.76	51.32	44.96	51.64	55.38	49.10	37.34
682.00	47.17	51.80	51.37	44.99	51.69	55.41	49.15	37.34
682.50	47.20	51.84	51.40	45.02	51.74	55.42	49.21	37.35
683.00	47.23	51.86	51.42	45.06	51.78	55.41	49.26	37.35
683.50	47.27	51.87	51.41	45.09	51.83	55.38	49.31	37.36
684.00	47.31	51.87	51.40	45.13	51.88	55.34	49.36	37.36
684.50	47.34	51.86	51.37	45.16	51.92	55.28	49.41	37.37
685.00	47.37	51.84	51.33	45.20	51.96	55.21	49.45	37.37
685.50	47.40	51.81	51.28	45.23	52.00	55.12	49.49	37.38
686.00	47.44	51.77	51.22	45.26	52.03	55.03	49.53	37.38
686.50	47.47	51.73	51.16	45.29	52.06	54.94	49.57	37.39
687.00	47.50	51.68	51.09	45.32	52.09	54.83	49.60	37.39
687.50	47.53	51.61	51.00	45.35	52.10	54.73	49.62	37.39
688.00	47.56	51.56	50.93	45.38	52.12	54.63	49.64	37.40
688.50	47.58	51.49	50.85	45.41	52.13	54.52	49.66	37.40
689.00	47.61	51.41	50.76	45.43	52.14	54.41	49.68	37.41
689.50	47.64	51.34	50.67	45.46	52.15	54.30	49.69	37.42
690.00	47.66	51.27	50.58	45.48	52.15	54.20	49.70	37.42
690.50	47.68	51.19	50.49	45.50	52.15	54.09	49.71	37.43
691.00	47.70	51.11	50.39	45.52	52.14	53.98	49.71	37.44
691.50	47.71	51.03	50.30	45.54	52.13	53.88	49.71	37.44
692.00	47.73	50.95	50.21	45.55	52.13	53.77	49.70	37.45
692.50	47.74	50.87	50.11	45.57	52.11	53.67	49.69	37.46
693.00	47.76	50.78	50.01	45.58	52.10	53.56	49.69	37.47
693.50	47.77	50.70	49.92	45.59	52.08	53.46	49.68	37.47
694.00	47.78	50.62	49.82	45.59	52.06	53.36	49.66	37.48
694.50	47.79	50.54	49.73	45.60	52.04	53.26	49.65	37.49
695.00	47.79	50.46	49.64	45.61	52.02	53.17	49.63	37.50
695.50	47.80	50.38	49.54	45.61	52.00	53.07	49.60	37.50
696.00	47.80	50.29	49.45	45.61	51.97	52.98	49.58	37.51
696.50	47.81	50.21	49.35	45.61	51.95	52.89	49.55	37.52
697.00	47.80	50.13	49.26	45.62	51.92	52.80	49.52	37.53
697.50	47.81	50.05	49.17	45.61	51.89	52.71	49.49	37.53
698.00	47.80	49.98	49.08	45.61	51.87	52.63	49.46	37.54
698.50	47.80	49.90	48.99	45.61	51.83	52.53	49.43	37.55
699.00	47.80	49.82	48.90	45.60	51.80	52.45	49.40	37.55
699.50	47.79	49.75	48.81	45.59	51.77	52.37	49.36	37.56
700.00	47.79	49.67	48.73	45.58	51.74	52.29	49.32	37.57
700.50	47.78	49.60	48.64	45.57	51.71	52.20	49.28	37.58
701.00	47.77	49.53	48.56	45.56	51.67	52.12	49.24	37.58
701.50	47.76	49.45	48.48	45.56	51.63	52.04	49.20	37.59
702.00	47.75	49.38	48.40	45.55	51.60	51.97	49.16	37.60
702.50	47.74	49.31	48.32	45.53	51.57	51.89	49.12	37.61
703.00	47.73	49.25	48.24	45.52	51.53	51.82	49.08	37.62
703.50	47.72	49.18	48.16	45.51	51.49	51.75	49.04	37.62
704.00	47.71	49.11	48.09	45.49	51.45	51.68	48.99	37.63
704.50	47.70	49.04	48.01	45.48	51.42	51.60	48.95	37.64
705.00	47.68	48.98	47.94	45.46	51.38	51.54	48.90	37.64
705.50	47.67	48.91	47.86	45.45	51.34	51.46	48.86	37.66
706.00	47.65	48.85	47.79	45.43	51.30	51.40	48.82	37.66
706.50	47.64	48.79	47.72	45.41	51.26	51.33	48.77	37.67
707.00	47.62	48.72	47.65	45.40	51.22	51.26	48.72	37.68
707.50	47.61	48.66	47.58	45.38	51.18	51.20	48.67	37.69
708.00	47.59	48.60	47.51	45.36	51.14	51.13	48.62	37.70
708.50	47.57	48.54	47.44	45.34	51.10	51.07	48.58	37.70
709.00	47.56	48.48	47.38	45.32	51.06	51.01	48.53	37.71
709.50	47.54	48.43	47.31	45.30	51.02	50.95	48.48	37.72
710.00	47.52	48.37	47.25	45.28	50.98	50.89	48.44	37.73
710.50	47.50	48.31	47.19	45.26	50.94	50.83	48.39	37.73
711.00	47.48	48.26	47.13	45.24	50.90	50.77	48.34	37.75
711.50	47.46	48.20	47.06	45.23	50.86	50.71	48.29	37.75
712.00	47.45	48.15	47.01	45.20	50.81	50.65	48.24	37.76
712.50	47.43	48.10	46.95	45.18	50.77	50.59	48.20	37.77
713.00	47.41	48.04	46.88	45.16	50.73	50.54	48.15	37.78
713.50	47.39	47.99	46.83	45.14	50.69	50.48	48.10	37.79
714.00	47.36	47.94	46.77	45.12	50.65	50.43	48.06	37.80
714.50	47.35	47.89	46.72	45.10	50.60	50.37	48.01	37.81
715.00	47.33	47.84	46.66	45.07	50.56	50.32	47.96	37.81
715.50	47.30	47.79	46.61	45.05	50.52	50.27	47.91	37.82
716.00	47.28	47.75	46.56	45.03	50.48	50.21	47.87	37.83
716.50	47.26	47.70	46.51	45.01	50.43	50.16	47.82	37.83
717.00	47.24	47.65	46.45	44.98	50.39	50.11	47.77	37.84
717.50	47.22	47.61	46.40	44.96	50.35	50.06	47.73	37.85
718.00	47.20	47.56	46.35	44.94	50.31	50.01	47.68	37.86
718.50	47.18	47.52	46.30	44.92	50.27	49.96	47.64	37.87
719.00	47.16	47.48	46.26	44.89	50.23	49.91	47.59	37.87
719.50	47.13	47.43	46.21	44.87	50.19	49.87	47.55	37.88
720.00	47.11	47.39	46.16	44.84	50.15	49.81	47.50	37.89
720.50	47.09	47.35	46.11	44.82	50.10	49.77	47.45	37.90
721.00	47.07	47.30	46.06	44.80	50.06	49.72	47.41	37.90
721.50	47.04	47.27	46.02	44.77	50.02	49.67	47.36	37.91
722.00	47.02	47.23	45.98	44.75	49.99	49.63	47.32	37.92
722.50	47.00	47.19	45.95	44.73	49.94	49.61	47.27	37.92
723.00	46.98	47.17	45.93	44.70	49.90	49.61	47.23	37.93
723.50	46.96	47.16	45.93	44.68	49.86	49.64	47.19	37.94
724.00	46.93	47.16	45.94	44.66	49.82	49.68	47.15	37.94
724.50	46.91	47.17	45.96	44.63	49.78	49.74	47.10	37.95
725.00	46.89	47.19	46.00	44.61	49.75	49.82	47.07	37.96
725.50	46.87	47.23	46.05	44.58	49.72	49.91	47.04	37.96
726.00	46.84	47.27	46.10	44.57	49.69	50.01	47.00	37.97
726.50	46.82	47.32	46.18	44.54	49.67	50.11	46.97	37.98
727.00	46.81	47.38	46.25	44.52	49.65	50.22	46.95	37.98
727.50	46.78	47.44	46.33	44.50	49.64	50.34	46.93	37.99
728.00	46.77	47.51	46.42	44.48	49.63	50.46	46.91	37.99
728.50	46.75	47.59	46.51	44.46	49.62	50.58	46.90	38.00
729.00	46.73	47.66	46.60	44.45	49.62	50.71	46.89	38.00
729.50	46.72	47.74	46.70	44.43	49.62	50.83	46.89	38.01
730.00	46.71	47.83	46.79	44.41	49.63	50.96	46.88	38.01
730.50	46.70	47.92	46.88	44.39	49.64	51.08	46.88	38.01
731.00	46.68	48.00	46.99	44.38	49.66	51.20	46.89	38.01
731.50	46.68	48.09	47.08	44.37	49.67	51.32	46.89	38.02
732.00	46.67	48.19	47.19	44.37	49.69	51.44	46.90	38.02
732.50	46.67	48.28	47.30	44.36	49.71	51.56	46.92	38.03
733.00	46.66	48.37	47.40	44.37	49.74	51.68	46.94	38.04
733.50	46.66	48.47	47.51	44.36	49.76	51.80	46.96	38.04
734.00	46.66	48.56	47.62	44.37	49.79	51.91	46.99	38.04
734.50	46.66	48.65	47.73	44.37	49.82	52.02	47.03	38.05
735.00	46.67	48.74	47.84	44.37	49.85	52.13	47.06	38.06
735.50	46.67	48.83	47.94	44.38	49.89	52.24	47.09	38.06
736.00	46.68	48.93	48.05	44.39	49.93	52.35	47.13	38.07
736.50	46.68	49.02	48.16	44.39	49.96	52.45	47.16	38.07
737.00	46.69	49.11	48.26	44.41	50.00	52.56	47.21	38.08
737.50	46.70	49.21	48.37	44.42	50.04	52.66	47.25	38.09
738.00	46.71	49.30	48.46	44.43	50.08	52.76	47.29	38.09
738.50	46.73	49.38	48.57	44.44	50.12	52.86	47.34	38.09
739.00	46.74	49.47	48.67	44.45	50.16	52.96	47.38	38.10
739.50	46.75	49.56	48.77	44.48	50.20	53.05	47.43	38.10
740.00	46.77	49.65	48.87	44.49	50.24	53.15	47.48	38.10
740.50	46.79	49.73	48.96	44.51	50.29	53.23	47.53	38.11
741.00	46.81	49.82	49.06	44.53	50.34	53.33	47.58	38.11
741.50	46.82	49.90	49.16	44.55	50.38	53.42	47.63	38.11
742.00	46.84	49.99	49.25	44.57	50.43	53.51	47.69	38.12
742.50	46.86	50.07	49.34	44.59	50.47	53.59	47.73	38.11
743.00	46.88	50.15	49.44	44.62	50.53	53.68	47.79	38.13
743.50	46.91	50.23	49.53	44.63	50.57	53.76	47.85	38.12
744.00	46.93	50.31	49.61	44.66	50.62	53.84	47.90	38.13
744.50	46.95	50.39	49.69	44.68	50.67	53.92	47.95	38.13
745.00	46.98	50.47	49.79	44.71	50.71	54.01	48.01	38.13
745.50	47.00	50.55	49.88	44.73	50.77	54.08	48.07	38.14
746.00	47.03	50.62	49.96	44.76	50.82	54.16	48.13	38.14
746.50	47.05	50.70	50.05	44.79	50.86	54.24	48.18	38.15
747.00	47.08	50.77	50.13	44.82	50.91	54.31	48.25	38.15
747.50	47.10	50.84	50.21	44.84	50.96	54.39	48.30	38.15
748.00	47.13	50.92	50.29	44.87	51.02	54.46	48.36	38.16
748.50	47.16	50.99	50.37	44.90	51.07	54.53	48.42	38.17
749.00	47.19	51.06	50.45	44.93	51.12	54.61	48.48	38.17
749.50	47.22	51.13	50.53	44.97	51.17	54.67	48.54	38.17
750.00	47.25	51.20	50.60	44.99	51.22	54.74	48.60	38.17
750.50	47.27	51.26	50.68	45.02	51.28	54.81	48.66	38.18
751.00	47.30	51.33	50.75	45.05	51.33	54.88	48.72	38.18
751.50	47.33	51.40	50.82	45.09	51.38	54.95	48.78	38.18
752.00	47.36	51.46	50.89	45.11	51.42	55.02	48.84	38.18
752.50	47.39	51.52	50.96	45.15	51.48	55.08	48.89	38.19
753.00	47.43	51.59	51.03	45.18	51.53	55.15	48.96	38.20
753.50	47.45	51.65	51.10	45.21	51.59	55.21	49.02	38.20
754.00	47.49	51.72	51.17	45.24	51.63	55.28	49.08	38.20
754.50	47.52	51.77	51.23	45.27	51.69	55.34	49.14	38.20
755.00	47.55	51.83	51.30	45.31	51.74	55.40	49.19	38.21
755.50	47.58	51.89	51.37	45.34	51.79	55.46	49.25	38.21
756.00	47.61	51.95	51.43	45.37	51.84	55.52	49.31	38.22
756.50	47.64	52.01	51.49	45.40	51.89	55.58	49.36	38.22
757.00	47.67	52.07	51.56	45.44	51.94	55.64	49.42	38.22
757.50	47.71	52.12	51.62	45.47	51.99	55.70	49.48	38.23
758.00	47.74	52.18	51.68	45.51	52.05	55.76	49.54	38.23
758.50	47.77	52.24	51.74	45.54	52.10	55.82	49.60	38.23
759.00	47.81	52.29	51.80	45.57	52.15	55.88	49.65	38.24
759.50	47.84	52.34	51.86	45.61	52.20	55.94	49.70	38.24
760.00	47.88	52.40	51.92	45.64	52.25	55.98	49.76	38.25
760.50	47.90	52.45	51.97	45.68	52.30	56.04	49.82	38.25
761.00	47.94	52.50	52.03	45.71	52.35	56.10	49.88	38.26
761.50	47.97	52.55	52.08	45.74	52.40	56.15	49.93	38.26
762.00	48.00	52.61	52.14	45.78	52.45	56.21	49.99	38.27
762.50	48.04	52.66	52.20	45.81	52.51	56.26	50.04	38.27
763.00	48.07	52.71	52.25	45.85	52.56	56.32	50.10	38.28
763.50	48.10	52.75	52.30	45.88	52.61	56.37	50.15	38.28
764.00	48.13	52.81	52.35	45.91	52.66	56.42	50.20	38.29
764.50	48.16	52.85	52.41	45.95	52.70	56.47	50.25	38.29
765.00	48.20	52.90	52.45	45.98	52.76	56.50	50.31	38.29
765.50	48.23	52.93	52.48	46.01	52.81	56.52	50.36	38.30
766.00	48.27	52.96	52.50	46.05	52.86	56.52	50.41	38.30
766.50	48.30	52.97	52.51	46.08	52.90	56.50	50.46	38.31
767.00	48.33	52.98	52.49	46.12	52.95	56.45	50.52	38.32
767.50	48.36	52.96	52.47	46.15	53.00	56.40	50.56	38.32
768.00	48.40	52.95	52.43	46.19	53.04	56.33	50.61	38.32
768.50	48.43	52.91	52.39	46.22	53.08	56.25	50.65	38.33
769.00	48.46	52.88	52.33	46.25	53.11	56.16	50.69	38.34
769.50	48.49	52.83	52.26	46.28	53.14	56.07	50.72	38.34
770.00	48.52	52.78	52.19	46.32	53.16	55.97	50.76	38.35
770.50	48.55	52.72	52.12	46.34	53.18	55.86	50.78	38.35
771.00	48.58	52.66	52.03	46.37	53.20	55.75	50.80	38.36
771.50	48.61	52.59	51.93	46.39	53.22	55.64	50.81	38.36
772.00	48.63	52.52	51.84	46.41	53.22	55.53	50.82	38.36
772.50	48.66	52.45	51.75	46.43	53.22	55.42	50.83	38.37
773.00	48.68	52.37	51.66	46.46	53.22	55.31	50.84	38.37
773.50	48.71	52.29	51.57	46.48	53.22	55.20	50.84	38.38
774.00	48.72	52.21	51.47	46.50	53.22	55.09	50.85	38.39
774.50	48.74	52.13	51.38	46.52	53.21	54.98	50.85	38.39
775.00	48.76	52.04	51.28	46.53	53.20	54.88	50.84	38.40
775.50	48.77	51.96	51.19	46.55	53.19	54.76	50.83	38.41
776.00	48.79	51.88	51.09	46.56	53.18	54.67	50.82	38.42
776.50	48.80	51.79	50.99	46.58	53.16	54.56	50.81	38.42
777.00	48.81	51.71	50.89	46.58	53.14	54.46	50.79	38.43
777.50	48.81	51.62	50.80	46.59	53.12	54.36	50.77	38.44
778.00	48.82	51.54	50.70	46.59	53.09	54.26	50.75	38.44
778.50	48.83	51.46	50.60	46.59	53.07	54.16	50.73	38.45
779.00	48.83	51.38	50.51	46.60	53.04	54.06	50.70	38.46
779.50	48.83	51.29	50.42	46.60	53.02	53.97	50.68	38.46
780.00	48.83	51.21	50.32	46.60	52.99	53.87	50.65	38.48
780.50	48.83	51.13	50.23	46.60	52.96	53.79	50.62	38.48
781.00	48.83	51.05	50.14	46.59	52.93	53.70	50.58	38.49
781.50	48.83	50.97	50.05	46.59	52.90	53.61	50.55	38.50
782.00	48.83	50.89	49.96	46.59	52.87	53.52	50.52	38.50
782.50	48.82	50.82	49.87	46.58	52.84	53.44	50.48	38.51
783.00	48.81	50.74	49.78	46.57	52.81	53.36	50.44	38.52
783.50	48.81	50.66	49.70	46.56	52.77	53.27	50.40	38.53
784.00	48.80	50.59	49.61	46.55	52.74	53.19	50.36	38.53
784.50	48.79	50.52	49.53	46.54	52.70	53.12	50.32	38.54
785.00	48.78	50.44	49.44	46.53	52.67	53.03	50.27	38.55
785.50	48.77	50.37	49.36	46.52	52.63	52.96	50.23	38.56
786.00	48.76	50.30	49.29	46.51	52.59	52.88	50.19	38.57
786.50	48.75	50.23	49.20	46.49	52.55	52.80	50.15	38.58
787.00	48.74	50.16	49.12	46.48	52.51	52.73	50.10	38.58
787.50	48.72	50.09	49.04	46.46	52.47	52.66	50.05	38.59
788.00	48.71	50.02	48.97	46.45	52.43	52.59	50.01	38.60
788.50	48.70	49.96	48.89	46.43	52.39	52.52	49.96	38.61
789.00	48.68	49.89	48.82	46.41	52.35	52.44	49.91	38.62
789.50	48.66	49.83	48.74	46.39	52.31	52.37	49.87	38.62
790.00	48.65	49.76	48.66	46.37	52.28	52.31	49.81	38.63
790.50	48.63	49.70	48.59	46.35	52.23	52.24	49.76	38.64
791.00	48.61	49.64	48.52	46.33	52.19	52.18	49.70	38.64
791.50	48.60	49.58	48.45	46.31	52.15	52.11	49.65	38.65
792.00	48.58	49.52	48.38	46.29	52.11	52.04	49.61	38.66
792.50	48.56	49.46	48.32	46.27	52.06	51.98	49.56	38.66
793.00	48.55	49.40	48.25	46.25	52.02	51.92	49.51	38.67
793.50	48.53	49.34	48.18	46.23	51.98	51.86	49.46	38.67
794.00	48.51	49.29	48.12	46.22	51.94	51.80	49.41	38.69
794.50	48.49	49.23	48.06	46.19	51.89	51.74	49.36	38.69
795.00	48.47	49.17	48.00	46.17	51.85	51.68	49.31	38.70
795.50	48.45	49.12	47.94	46.15	51.81	51.62	49.26	38.71
796.00	48.43	49.06	47.88	46.13	51.77	51.56	49.21	38.72
796.50	48.41	49.01	47.82	46.10	51.73	51.51	49.16	38.73
797.00	48.39	48.96	47.76	46.08	51.68	51.45	49.11	38.73
797.50	48.37	48.91	47.70	46.06	51.64	51.39	49.06	38.75
798.00	48.34	48.86	47.65	46.04	51.59	51.34	49.01	38.75
798.50	48.32	48.81	47.59	46.01	51.55	51.28	48.97	38.76
799.00	48.30	48.76	47.54	45.99	51.51	51.23	48.92	38.77
799.50	48.28	48.71	47.48	45.97	51.47	51.17	48.87	38.78
800.00	48.26	48.66	47.43	45.94	51.42	51.12	48.82	38.78
800.50	48.23	48.61	47.37	45.92	51.38	51.07	48.77	38.79
801.00	48.22	48.56	47.32	45.90	51.33	51.02	48.72	38.80
801.50	48.19	48.51	47.27	45.87	51.30	50.96	48.68	38.81
802.00	48.17	48.47	47.23	45.85	51.25	50.91	48.63	38.82
802.50	48.15	48.43	47.17	45.83	51.20	50.86	48.58	38.82
803.00	48.13	48.38	47.13	45.80	51.16	50.81	48.54	38.83
803.50	48.11	48.33	47.08	45.77	51.12	50.76	48.49	38.83
804.00	48.08	48.29	47.03	45.75	51.08	50.71	48.44	38.84
804.50	48.06	48.25	46.99	45.73	51.04	50.66	48.40	38.86
805.00	48.04	48.21	46.95	45.70	51.00	50.63	48.35	38.86
805.50	48.02	48.18	46.92	45.68	50.95	50.61	48.30	38.86
806.00	47.99	48.16	46.90	45.65	50.91	50.61	48.26	38.87
806.50	47.97	48.14	46.89	45.63	50.87	50.64	48.21	38.88
807.00	47.94	48.14	46.91	45.60	50.83	50.68	48.17	38.88
807.50	47.92	48.16	46.94	45.58	50.79	50.74	48.13	38.90
808.00	47.90	48.18	46.97	45.55	50.76	50.82	48.09	38.90
808.50	47.87	48.20	47.02	45.53	50.72	50.90	48.06	38.90
809.00	47.85	48.25	47.07	45.49	50.70	51.00	48.02	38.90
809.50	47.82	48.29	47.14	45.47	50.67	51.11	47.99	38.91
810.00	47.79	48.34	47.21	45.44	50.65	51.21	47.97	38.91
810.50	47.77	48.40	47.28	45.42	50.64	51.33	47.94	38.92
811.00	47.75	48.47	47.37	45.40	50.63	51.45	47.92	38.92
811.50	47.73	48.53	47.44	45.37	50.62	51.57	47.91	38.92
812.00	47.71	48.61	47.54	45.36	50.62	51.69	47.90	38.93
812.50	47.70	48.68	47.63	45.34	50.62	51.81	47.89	38.93
813.00	47.68	48.76	47.73	45.32	50.63	51.93	47.89	38.93
813.50	47.67	48.85	47.82	45.31	50.64	52.05	47.90	38.94
814.00	47.66	48.93	47.93	45.30	50.65	52.17	47.90	38.94
